0.0000000e+00 0.0000000e+00
1.0000000e+00 0.0000000e+00
0.0000000e+00 1.0000000e+00
1.0000000e+00 1.0000000e+00
1.0000000e+00 8.9535200e-01
8.3371730e-01 1.0000000e+00
1.0000000e+00 1.2132240e-01
0.0000000e+00 2.3097140e-01
5.8990050e-01 1.0000000e+00
0.0000000e+00 8.3799730e-01
9.4415100e-01 0.0000000e+00
8.4428780e-01 0.0000000e+00
8.1902050e-01 0.0000000e+00
0.0000000e+00 3.1137550e-01
3.8460000e-03 0.0000000e+00
1.0000000e+00 6.3423690e-01
1.0000000e+00 7.0150290e-01
8.8239500e-01 1.0000000e+00
5.3089200e-02 0.0000000e+00
5.8157930e-01 1.0000000e+00
5.7187200e-01 0.0000000e+00
3.5325020e-01 1.0000000e+00
0.0000000e+00 3.8036480e-01
1.0000000e+00 9.4777220e-01
6.1104200e-02 1.0000000e+00
3.8748200e-02 1.0000000e+00
6.3512990e-01 1.0000000e+00
1.0000000e+00 8.5449930e-01
1.0000000e+00 8.6779410e-01
2.9179900e-02 1.0000000e+00
0.0000000e+00 1.2915590e-01
0.0000000e+00 5.9658010e-01
9.9480190e-01 0.0000000e+00
1.0000000e+00 1.1344600e-01
4.9560700e-01 1.0000000e+00
8.9792450e-01 0.0000000e+00
0.0000000e+00 9.1472880e-01
1.0000000e+00 4.0614750e-01
1.0000000e+00 1.1819600e-02
9.6524810e-01 1.0000000e+00
6.5921510e-01 0.0000000e+00
4.7809280e-01 1.0000000e+00
4.7248100e-02 0.0000000e+00
0.0000000e+00 1.6437330e-01
1.0000000e+00 7.5092740e-01
1.0000000e+00 7.6149940e-01
2.0886030e-01 0.0000000e+00
6.3081070e-01 0.0000000e+00
0.0000000e+00 4.9074670e-01
0.0000000e+00 8.1440200e-01
7.0640650e-01 0.0000000e+00
0.0000000e+00 4.1910440e-01
7.5962720e-01 1.0000000e+00
1.0000000e+00 7.4525380e-01
3.3016500e-01 1.0000000e+00
1.0000000e+00 3.6919280e-01
5.1631150e-01 0.0000000e+00
1.0000000e+00 9.9850090e-01
2.2014490e-01 1.0000000e+00
1.0000000e+00 1.2924820e-01
1.0000000e+00 4.0010620e-01
0.0000000e+00 1.1817560e-01
1.0000000e+00 7.3986060e-01
6.4165440e-01 0.0000000e+00
1.5997980e-01 0.0000000e+00
0.0000000e+00 2.8045890e-01
1.0000000e+00 5.3142400e-01
1.0000000e+00 7.6122550e-01
6.1796000e-03 0.0000000e+00
0.0000000e+00 5.7600120e-01
5.3764810e-01 0.0000000e+00
6.7129730e-01 0.0000000e+00
8.4390020e-01 1.0000000e+00
9.3306000e-03 0.0000000e+00
0.0000000e+00 2.6913120e-01
1.0000000e+00 5.8056570e-01
8.8614440e-01 1.0000000e+00
1.4470260e-01 1.0000000e+00
3.7764020e-01 1.0000000e+00
3.6274960e-01 0.0000000e+00
7.9775370e-01 1.0000000e+00
1.0000000e+00 2.5039920e-01
8.1893830e-01 1.0000000e+00
7.7756640e-01 0.0000000e+00
0.0000000e+00 4.9254630e-01
0.0000000e+00 9.4609770e-01
0.0000000e+00 4.4303100e-01
3.9080150e-01 1.0000000e+00
9.9457830e-01 1.0000000e+00
5.3309570e-01 0.0000000e+00
6.4619700e-02 0.0000000e+00
8.3415800e-01 1.0000000e+00
1.0000000e+00 3.9500200e-01
1.0000000e+00 5.4500890e-01
2.5467880e-01 1.0000000e+00
1.0000000e+00 3.2995180e-01
1.0000000e+00 6.1053960e-01
0.0000000e+00 2.1908700e-02
5.1026710e-01 0.0000000e+00
8.0975730e-01 0.0000000e+00
0.0000000e+00 9.3524860e-01
1.1224280e-01 0.0000000e+00
0.0000000e+00 6.7198800e-02
1.0000000e+00 2.4915930e-01
5.8036210e-01 0.0000000e+00
9.4733050e-01 1.0000000e+00
1.0000000e+00 1.5724670e-01
1.0000000e+00 2.7534020e-01
0.0000000e+00 5.7268530e-01
9.1039400e-02 1.0000000e+00
0.0000000e+00 8.0838090e-01
1.0000000e+00 4.2146120e-01
0.0000000e+00 4.4321700e-02
0.0000000e+00 3.2557760e-01
9.5519340e-01 1.0000000e+00
2.4153050e-01 1.0000000e+00
8.9452170e-01 1.0000000e+00
9.6262010e-01 0.0000000e+00
0.0000000e+00 2.0360720e-01
6.6404370e-01 1.0000000e+00
5.7126890e-01 1.0000000e+00
5.5683280e-01 1.0000000e+00
1.0000000e+00 2.1751100e-02
0.0000000e+00 1.7140480e-01
0.0000000e+00 8.3035580e-01
1.2335170e-01 1.0000000e+00
0.0000000e+00 9.8410930e-01
0.0000000e+00 5.3963420e-01
