1.9917650e-01 0.0000000e+00
5.5165970e-01 1.0000000e+00
6.7835050e-01 1.0000000e+00
1.0000000e+00 5.7183980e-01
3.6970850e-01 0.0000000e+00
0.0000000e+00 7.8727070e-01
1.0000000e+00 2.8061400e-01
6.2088200e-02 1.0000000e+00
3.4200820e-01 0.0000000e+00
1.9845530e-01 0.0000000e+00
1.0000000e+00 5.9048830e-01
4.8172800e-02 0.0000000e+00
1.0000000e+00 2.9265690e-01
1.0000000e+00 5.5430500e-02
8.7129050e-01 1.0000000e+00
0.0000000e+00 5.4317190e-01
1.0000000e+00 1.0302460e-01
7.5312440e-01 0.0000000e+00
1.0000000e+00 2.1800700e-02
0.0000000e+00 0.0000000e+00
1.0000000e+00 9.2009770e-01
7.3861500e-01 1.0000000e+00
0.0000000e+00 2.9172730e-01
0.0000000e+00 6.6397880e-01
0.0000000e+00 4.9572750e-01
1.0000000e+00 9.4297300e-02
0.0000000e+00 9.6389000e-02
0.0000000e+00 2.5627220e-01
0.0000000e+00 2.5278300e-02
0.0000000e+00 2.8249440e-01
6.7155840e-01 0.0000000e+00
7.7468800e-01 1.0000000e+00
1.0000000e+00 8.1324270e-01
7.1925140e-01 0.0000000e+00
0.0000000e+00 6.5522900e-02
0.0000000e+00 7.3089900e-01
1.0000000e+00 2.2425180e-01
1.0000000e+00 2.0011710e-01
8.3074450e-01 1.0000000e+00
0.0000000e+00 3.8694540e-01
1.0000000e+00 4.3173140e-01
8.8047860e-01 1.0000000e+00
0.0000000e+00 8.2356880e-01
1.0000000e+00 7.7634730e-01
1.0000000e+00 5.6050700e-02
0.0000000e+00 2.4068160e-01
0.0000000e+00 2.9272870e-01
9.3744560e-01 1.0000000e+00
3.6666190e-01 1.0000000e+00
4.7669620e-01 1.0000000e+00
0.0000000e+00 1.8551130e-01
5.8885700e-01 0.0000000e+00
0.0000000e+00 2.8108050e-01
9.7950140e-01 1.0000000e+00
4.4694900e-01 1.0000000e+00
0.0000000e+00 8.8174200e-01
4.4548330e-01 1.0000000e+00
1.2062710e-01 1.0000000e+00
0.0000000e+00 6.4089210e-01
6.6833320e-01 0.0000000e+00
0.0000000e+00 2.4333700e-02
4.3499890e-01 1.0000000e+00
0.0000000e+00 2.0448990e-01
1.0000000e+00 8.5226670e-01
1.0000000e+00 9.0203430e-01
0.0000000e+00 8.4219380e-01
0.0000000e+00 9.7827530e-01
1.0000000e+00 9.6607050e-01
1.0000000e+00 2.6026150e-01
0.0000000e+00 7.3345650e-01
1.0000000e+00 0.0000000e+00
4.4070960e-01 1.0000000e+00
1.0000000e+00 6.9796800e-01
0.0000000e+00 6.3141260e-01
0.0000000e+00 4.5588270e-01
1.0000000e+00 4.1784930e-01
0.0000000e+00 2.8626510e-01
1.0000000e+00 2.9539670e-01
7.3348610e-01 1.0000000e+00
1.4746200e-01 1.0000000e+00
1.0000000e+00 6.5772260e-01
8.1395650e-01 0.0000000e+00
2.9215580e-01 0.0000000e+00
1.0000000e+00 7.1440190e-01
0.0000000e+00 2.9843080e-01
1.6316150e-01 1.0000000e+00
0.0000000e+00 4.5607000e-02
2.5770400e-02 1.0000000e+00
6.8906820e-01 0.0000000e+00
0.0000000e+00 7.9032130e-01
0.0000000e+00 4.1492630e-01
0.0000000e+00 2.3857520e-01
8.5392300e-01 1.0000000e+00
1.0000000e+00 2.6676120e-01
1.0000000e+00 4.3969740e-01
0.0000000e+00 6.1327840e-01
3.4884080e-01 1.0000000e+00
8.1623300e-01 0.0000000e+00
1.9886400e-01 0.0000000e+00
9.7475470e-01 1.0000000e+00
1.0000000e+00 5.5372400e-02
7.9362130e-01 0.0000000e+00
8.4737380e-01 0.0000000e+00
1.0000000e+00 3.7524990e-01
7.1498870e-01 1.0000000e+00
8.9408070e-01 0.0000000e+00
8.4308240e-01 1.0000000e+00
2.5643540e-01 1.0000000e+00
5.8951320e-01 0.0000000e+00
4.1239510e-01 0.0000000e+00
1.0000000e+00 7.3203250e-01
0.0000000e+00 1.7421210e-01
8.4144060e-01 0.0000000e+00
0.0000000e+00 1.0000000e+00
1.0000000e+00 5.3435060e-01
3.1955000e-03 0.0000000e+00
0.0000000e+00 6.6727460e-01
1.0000000e+00 2.1830900e-01
1.0000000e+00 7.4438960e-01
6.1916470e-01 1.0000000e+00
2.8081410e-01 1.0000000e+00
0.0000000e+00 5.2553500e-02
1.0000000e+00 1.0000000e+00
1.0000000e+00 4.4360610e-01
0.0000000e+00 8.0938150e-01
7.1493840e-01 1.0000000e+00
8.6079330e-01 0.0000000e+00
1.0000000e+00 6.9760890e-01
