0.0000000e+00 0.0000000e+00
1.0000000e+00 0.0000000e+00
0.0000000e+00 1.0000000e+00
1.0000000e+00 1.0000000e+00
3.2510140e-01 0.0000000e+00
1.0000000e+00 3.9192690e-01
1.0000000e+00 8.2132920e-01
1.9955080e-01 0.0000000e+00
2.1584470e-01 0.0000000e+00
0.0000000e+00 7.7921450e-01
5.4625100e-02 0.0000000e+00
0.0000000e+00 3.2157820e-01
1.0000000e+00 2.3868580e-01
0.0000000e+00 7.1489600e-01
0.0000000e+00 6.5377800e-01
0.0000000e+00 3.1910340e-01
7.7020740e-01 0.0000000e+00
0.0000000e+00 5.3504000e-01
1.0000000e+00 5.3094840e-01
8.2233330e-01 0.0000000e+00
0.0000000e+00 3.0365390e-01
1.4982110e-01 0.0000000e+00
0.0000000e+00 6.3960090e-01
8.1649430e-01 0.0000000e+00
8.2948430e-01 0.0000000e+00
1.0000000e+00 4.0247090e-01
2.9275090e-01 0.0000000e+00
2.4473430e-01 0.0000000e+00
3.6004500e-02 1.0000000e+00
3.8838810e-01 1.0000000e+00
7.7984070e-01 0.0000000e+00
1.0000000e+00 8.5447100e-01
1.4439580e-01 1.0000000e+00
5.1185720e-01 0.0000000e+00
5.9047820e-01 1.0000000e+00
0.0000000e+00 3.8428640e-01
0.0000000e+00 5.7984990e-01
5.8063700e-02 1.0000000e+00
8.5745590e-01 0.0000000e+00
8.4209350e-01 1.0000000e+00
1.0516860e-01 0.0000000e+00
2.2343600e-01 0.0000000e+00
3.0545420e-01 1.0000000e+00
1.0000000e+00 3.2479540e-01
1.0000000e+00 8.0426090e-01
2.7065500e-01 0.0000000e+00
4.9238150e-01 1.0000000e+00
1.0000000e+00 2.7777110e-01
1.0000000e+00 8.9173880e-01
0.0000000e+00 3.9076600e-02
3.2030610e-01 1.0000000e+00
3.3351790e-01 0.0000000e+00
1.0000000e+00 6.3824200e-02
1.0000000e+00 4.3940000e-04
1.0000000e+00 9.8589690e-01
2.6465900e-02 0.0000000e+00
3.2520100e-02 0.0000000e+00
4.1975140e-01 0.0000000e+00
0.0000000e+00 5.8375200e-02
8.9007680e-01 1.0000000e+00
1.0000000e+00 5.8518000e-02
4.7622940e-01 1.0000000e+00
0.0000000e+00 8.6840700e-02
6.4877310e-01 0.0000000e+00
1.6886170e-01 1.0000000e+00
8.9033210e-01 1.0000000e+00
7.4783920e-01 0.0000000e+00
8.1390550e-01 0.0000000e+00
4.4667810e-01 0.0000000e+00
6.9761790e-01 0.0000000e+00
1.0382460e-01 0.0000000e+00
1.0000000e+00 9.7875690e-01
1.3517000e-01 1.0000000e+00
1.0000000e+00 1.8625600e-01
8.0200140e-01 1.0000000e+00
1.0000000e+00 4.2028110e-01
0.0000000e+00 8.5514630e-01
4.8182430e-01 1.0000000e+00
1.0000000e+00 4.7412110e-01
8.1650050e-01 0.0000000e+00
5.2540240e-01 1.0000000e+00
2.7991450e-01 0.0000000e+00
3.0974920e-01 1.0000000e+00
2.7147100e-01 1.0000000e+00
9.3700460e-01 1.0000000e+00
1.0000000e+00 6.9315000e-01
9.1636780e-01 0.0000000e+00
4.5720570e-01 0.0000000e+00
0.0000000e+00 7.4180730e-01
1.0000000e+00 2.4364000e-02
1.0000000e+00 7.9547450e-01
0.0000000e+00 2.7116950e-01
3.8064570e-01 1.0000000e+00
1.0000000e+00 9.7847560e-01
0.0000000e+00 7.4590250e-01
1.0000000e+00 7.6949590e-01
8.2848740e-01 0.0000000e+00
3.4833790e-01 1.0000000e+00
7.3620640e-01 1.0000000e+00
3.2077920e-01 1.0000000e+00
9.7494500e-01 1.0000000e+00
0.0000000e+00 7.4619810e-01
3.5847520e-01 0.0000000e+00
4.6575210e-01 0.0000000e+00
0.0000000e+00 6.3971180e-01
0.0000000e+00 7.2710690e-01
1.0113180e-01 1.0000000e+00
1.0000000e+00 9.4503070e-01
1.0000000e+00 3.5579800e-01
0.0000000e+00 4.5035320e-01
1.4364940e-01 1.0000000e+00
0.0000000e+00 3.6524600e-01
9.7005480e-01 0.0000000e+00
1.0000000e+00 9.9649070e-01
1.0616460e-01 1.0000000e+00
0.0000000e+00 9.6341440e-01
1.0000000e+00 3.7110180e-01
6.0436320e-01 1.0000000e+00
0.0000000e+00 5.1529960e-01
5.4307420e-01 1.0000000e+00
3.9411410e-01 0.0000000e+00
9.4269110e-01 1.0000000e+00
1.0000000e+00 6.9620780e-01
0.0000000e+00 5.0167620e-01
1.0000000e+00 8.7430730e-01
1.0000000e+00 1.5832750e-01
3.3683460e-01 1.0000000e+00
5.2828140e-01 1.0000000e+00
