0.0000000e+00 0.0000000e+00
1.0000000e+00 0.0000000e+00
0.0000000e+00 1.0000000e+00
1.0000000e+00 1.0000000e+00
4.1352570e-01 0.0000000e+00
0.0000000e+00 3.7373290e-01
3.2187690e-01 0.0000000e+00
1.0000000e+00 1.0613570e-01
1.0000000e+00 8.9580230e-01
3.8841060e-01 1.0000000e+00
0.0000000e+00 8.2247030e-01
0.0000000e+00 9.0799750e-01
9.8450800e-02 1.0000000e+00
0.0000000e+00 3.8360950e-01
2.7603480e-01 1.0000000e+00
2.6483600e-01 1.0000000e+00
8.5641850e-01 0.0000000e+00
6.6567090e-01 1.0000000e+00
5.5423260e-01 0.0000000e+00
0.0000000e+00 1.0638060e-01
7.4005090e-01 1.0000000e+00
5.0988860e-01 0.0000000e+00
3.2846140e-01 1.0000000e+00
6.6607310e-01 0.0000000e+00
0.0000000e+00 1.0948640e-01
0.0000000e+00 1.9192190e-01
0.0000000e+00 6.3133920e-01
0.0000000e+00 6.2190700e-01
0.0000000e+00 7.7173000e-01
0.0000000e+00 4.1135310e-01
0.0000000e+00 7.3665550e-01
1.0000000e+00 7.5619980e-01
1.0000000e+00 1.7313390e-01
2.2622310e-01 0.0000000e+00
0.0000000e+00 6.5894400e-02
4.1818430e-01 0.0000000e+00
0.0000000e+00 9.3859890e-01
0.0000000e+00 6.7032940e-01
0.0000000e+00 9.5068250e-01
1.3952470e-01 1.0000000e+00
0.0000000e+00 6.4524640e-01
1.0000000e+00 2.1033980e-01
4.3400700e-01 1.0000000e+00
9.7470100e-02 1.0000000e+00
4.9534690e-01 0.0000000e+00
0.0000000e+00 6.0936470e-01
0.0000000e+00 8.3819740e-01
0.0000000e+00 1.0367720e-01
9.2421550e-01 1.0000000e+00
1.0000000e+00 8.9390990e-01
2.3394880e-01 1.0000000e+00
2.3877980e-01 0.0000000e+00
6.6278850e-01 1.0000000e+00
6.1120530e-01 1.0000000e+00
3.9534210e-01 1.0000000e+00
0.0000000e+00 3.5129170e-01
1.0000000e+00 8.9532770e-01
2.6809710e-01 1.0000000e+00
1.0000000e+00 3.2908410e-01
1.0000000e+00 5.7213000e-03
5.0395820e-01 0.0000000e+00
1.4151290e-01 0.0000000e+00
0.0000000e+00 5.4993170e-01
0.0000000e+00 8.2158790e-01
5.2875350e-01 1.0000000e+00
2.9831200e-02 0.0000000e+00
3.9373520e-01 0.0000000e+00
1.0000000e+00 3.5550290e-01
2.0269500e-02 0.0000000e+00
6.6698680e-01 0.0000000e+00
2.1085250e-01 0.0000000e+00
4.0294000e-02 1.0000000e+00
8.6654860e-01 0.0000000e+00
1.0000000e+00 8.7241150e-01
1.0000000e+00 8.0014330e-01
0.0000000e+00 6.9634980e-01
2.4669260e-01 1.0000000e+00
1.9912670e-01 0.0000000e+00
1.0000000e+00 8.5187770e-01
7.4704500e-01 1.0000000e+00
0.0000000e+00 1.4225630e-01
9.3833000e-03 1.0000000e+00
0.0000000e+00 7.6847940e-01
2.9987000e-02 0.0000000e+00
5.9126500e-02 1.0000000e+00
0.0000000e+00 8.7933370e-01
1.0000000e+00 3.8702770e-01
9.9334530e-01 1.0000000e+00
0.0000000e+00 4.0666480e-01
4.2385130e-01 1.0000000e+00
2.3759730e-01 1.0000000e+00
1.0000000e+00 1.8314880e-01
3.7293450e-01 1.0000000e+00
0.0000000e+00 5.1338060e-01
1.0000000e+00 8.2722060e-01
1.0000000e+00 5.6730840e-01
8.6096350e-01 1.0000000e+00
1.0000000e+00 4.0179750e-01
0.0000000e+00 7.5803610e-01
1.0000000e+00 5.5460030e-01
1.0000000e+00 7.2839030e-01
2.0443610e-01 0.0000000e+00
6.7304150e-01 0.0000000e+00
0.0000000e+00 5.4370190e-01
9.6076160e-01 0.0000000e+00
1.0000000e+00 7.7861310e-01
9.7621710e-01 0.0000000e+00
3.0178570e-01 1.0000000e+00
2.3031900e-01 0.0000000e+00
3.6665350e-01 0.0000000e+00
2.6149220e-01 1.0000000e+00
3.0335110e-01 1.0000000e+00
5.2482490e-01 1.0000000e+00
6.6059230e-01 1.0000000e+00
9.4475190e-01 0.0000000e+00
1.0000000e+00 2.0132160e-01
6.6196570e-01 1.0000000e+00
0.0000000e+00 5.9820150e-01
0.0000000e+00 3.8807760e-01
7.9960220e-01 0.0000000e+00
2.7059260e-01 0.0000000e+00
0.0000000e+00 1.4017570e-01
4.0470000e-01 0.0000000e+00
0.0000000e+00 4.9213630e-01
0.0000000e+00 9.8941510e-01
7.9482620e-01 1.0000000e+00
1.0000000e+00 3.1061670e-01
1.0000000e+00 3.0478700e-02
