0.0000000e+00 0.0000000e+00
1.0000000e+00 0.0000000e+00
0.0000000e+00 1.0000000e+00
1.0000000e+00 1.0000000e+00
0.0000000e+00 4.0160230e-01
2.6014720e-01 1.0000000e+00
4.3580410e-01 1.0000000e+00
0.0000000e+00 2.6803790e-01
5.7280900e-01 0.0000000e+00
0.0000000e+00 5.9335900e-02
1.0000000e+00 1.2044740e-01
2.8633640e-01 1.0000000e+00
3.9740030e-01 0.0000000e+00
3.6836780e-01 0.0000000e+00
0.0000000e+00 1.4540800e-02
1.0000000e+00 4.6955970e-01
1.0000000e+00 1.1723600e-01
7.3463600e-01 1.0000000e+00
1.5091530e-01 1.0000000e+00
0.0000000e+00 4.8991420e-01
0.0000000e+00 2.9631540e-01
5.8103050e-01 0.0000000e+00
2.2723420e-01 0.0000000e+00
2.9856970e-01 1.0000000e+00
1.0000000e+00 5.0473980e-01
8.9444610e-01 1.0000000e+00
1.0000000e+00 2.3025570e-01
0.0000000e+00 8.8860140e-01
1.0000000e+00 4.1943630e-01
6.3113800e-02 1.0000000e+00
9.5676900e-02 1.0000000e+00
1.0000000e+00 7.9020860e-01
5.8612700e-02 0.0000000e+00
0.0000000e+00 5.5265310e-01
1.0000000e+00 9.2284160e-01
2.7844000e-02 1.0000000e+00
0.0000000e+00 1.3861450e-01
0.0000000e+00 7.4607120e-01
0.0000000e+00 7.3501460e-01
9.1060400e-01 0.0000000e+00
3.4280650e-01 1.0000000e+00
0.0000000e+00 4.1980970e-01
5.3309670e-01 1.0000000e+00
0.0000000e+00 1.0316030e-01
0.0000000e+00 8.2968770e-01
1.0000000e+00 3.5306810e-01
1.0000000e+00 9.7486880e-01
1.0000000e+00 2.9957060e-01
0.0000000e+00 9.4097360e-01
1.0000000e+00 4.2091730e-01
1.9042410e-01 1.0000000e+00
1.0000000e+00 2.9400820e-01
5.0469000e-01 0.0000000e+00
8.2494840e-01 0.0000000e+00
1.0000000e+00 7.3165300e-02
1.0694270e-01 1.0000000e+00
1.0000000e+00 2.0284460e-01
1.0000000e+00 4.4880040e-01
3.8686230e-01 1.0000000e+00
2.4350290e-01 1.0000000e+00
5.8018170e-01 1.0000000e+00
0.0000000e+00 5.2123160e-01
1.0000000e+00 2.5731220e-01
1.6173690e-01 0.0000000e+00
3.8938390e-01 1.0000000e+00
0.0000000e+00 2.8284950e-01
0.0000000e+00 5.6219590e-01
9.2623400e-02 0.0000000e+00
7.3144580e-01 0.0000000e+00
5.2657710e-01 1.0000000e+00
4.1057330e-01 1.0000000e+00
1.0000000e+00 2.9242220e-01
4.3251950e-01 1.0000000e+00
4.3529790e-01 0.0000000e+00
9.7720330e-01 0.0000000e+00
5.4746540e-01 1.0000000e+00
1.0000000e+00 3.1926020e-01
1.0000000e+00 8.7252390e-01
3.7174900e-01 0.0000000e+00
2.0116580e-01 1.0000000e+00
1.0000000e+00 7.3855900e-02
1.0000000e+00 7.0688940e-01
6.7264910e-01 1.0000000e+00
6.1889710e-01 1.0000000e+00
1.0000000e+00 9.6571720e-01
7.0191440e-01 1.0000000e+00
3.8160800e-02 0.0000000e+00
3.6112690e-01 0.0000000e+00
1.5379290e-01 1.0000000e+00
1.0000000e+00 9.8694670e-01
7.8665400e-01 1.0000000e+00
6.0150010e-01 0.0000000e+00
0.0000000e+00 8.9986310e-01
1.0000000e+00 5.8141310e-01
9.0523230e-01 1.0000000e+00
3.8474400e-01 0.0000000e+00
4.6706070e-01 0.0000000e+00
3.9209410e-01 1.0000000e+00
1.0000000e+00 9.9479010e-01
2.9349270e-01 0.0000000e+00
0.0000000e+00 1.1248720e-01
7.4511720e-01 0.0000000e+00
0.0000000e+00 3.8735990e-01
7.1576950e-01 1.0000000e+00
0.0000000e+00 2.4562660e-01
5.6531320e-01 1.0000000e+00
4.8797580e-01 0.0000000e+00
0.0000000e+00 1.5567060e-01
9.1571090e-01 1.0000000e+00
0.0000000e+00 5.2114360e-01
0.0000000e+00 5.2739190e-01
7.8305260e-01 0.0000000e+00
1.0000000e+00 5.0249960e-01
1.0000000e+00 8.1953760e-01
5.2662610e-01 0.0000000e+00
1.4512880e-01 1.0000000e+00
1.5198240e-01 1.0000000e+00
0.0000000e+00 7.4598620e-01
1.0000000e+00 1.2874400e-01
6.8460600e-02 1.0000000e+00
1.0000000e+00 3.5492050e-01
3.8579500e-01 1.0000000e+00
4.5446940e-01 1.0000000e+00
1.0000000e+00 1.6938800e-02
5.8955340e-01 0.0000000e+00
1.5764870e-01 0.0000000e+00
3.1344780e-01 0.0000000e+00
7.2724000e-02 0.0000000e+00
