1.3400200e-01 1.0000000e+00
1.0000000e+00 5.9343230e-01
2.3353310e-01 0.0000000e+00
7.4851600e-01 1.0000000e+00
6.6889070e-01 0.0000000e+00
5.6267800e-02 0.0000000e+00
5.8990640e-01 1.0000000e+00
8.9933140e-01 1.0000000e+00
4.6542120e-01 0.0000000e+00
0.0000000e+00 2.6339070e-01
0.0000000e+00 5.2572770e-01
0.0000000e+00 9.7776960e-01
1.0000000e+00 9.7125450e-01
1.4276660e-01 0.0000000e+00
9.1773610e-01 0.0000000e+00
0.0000000e+00 0.0000000e+00
5.4893630e-01 1.0000000e+00
0.0000000e+00 5.1249080e-01
3.6406660e-01 0.0000000e+00
1.0000000e+00 9.7910860e-01
5.3955530e-01 1.0000000e+00
0.0000000e+00 8.5682060e-01
1.0000000e+00 5.7580660e-01
9.3628330e-01 1.0000000e+00
1.0000000e+00 7.1905590e-01
5.0199600e-01 0.0000000e+00
7.9632880e-01 1.0000000e+00
4.4429540e-01 1.0000000e+00
1.0000000e+00 5.7193450e-01
1.0000000e+00 7.9458600e-01
3.8671420e-01 0.0000000e+00
1.0000000e+00 2.8232860e-01
2.9102770e-01 0.0000000e+00
9.3653090e-01 1.0000000e+00
4.6736410e-01 0.0000000e+00
1.0000000e+00 5.7203540e-01
0.0000000e+00 8.4263930e-01
5.5791820e-01 0.0000000e+00
4.5054030e-01 0.0000000e+00
9.3016780e-01 1.0000000e+00
1.5310820e-01 0.0000000e+00
8.8156000e-01 1.0000000e+00
2.5315130e-01 0.0000000e+00
0.0000000e+00 1.8389280e-01
2.9934770e-01 0.0000000e+00
4.0771960e-01 0.0000000e+00
9.1157890e-01 1.0000000e+00
1.0000000e+00 6.0522580e-01
1.0000000e+00 1.7648480e-01
1.0000000e+00 9.7294310e-01
1.0000000e+00 3.1322980e-01
4.9443180e-01 0.0000000e+00
3.7744270e-01 0.0000000e+00
7.4254490e-01 1.0000000e+00
0.0000000e+00 4.3655870e-01
2.7709020e-01 0.0000000e+00
6.9272880e-01 0.0000000e+00
1.0000000e+00 1.7607080e-01
7.0493630e-01 0.0000000e+00
2.4039070e-01 0.0000000e+00
0.0000000e+00 6.8503740e-01
1.0000000e+00 3.4048120e-01
0.0000000e+00 4.9773440e-01
1.0000000e+00 5.9205000e-03
7.3412290e-01 0.0000000e+00
1.0000000e+00 3.9846870e-01
1.0000000e+00 8.7973400e-02
1.0000000e+00 0.0000000e+00
1.0000000e+00 1.9741900e-01
8.3326730e-01 0.0000000e+00
6.9080900e-01 0.0000000e+00
1.0000000e+00 6.0127520e-01
1.0000000e+00 4.2934770e-01
1.2490410e-01 1.0000000e+00
0.0000000e+00 9.2502630e-01
3.2277400e-01 1.0000000e+00
1.0000000e+00 8.9469750e-01
0.0000000e+00 7.5291650e-01
2.9340500e-01 1.0000000e+00
6.8650270e-01 0.0000000e+00
0.0000000e+00 6.8390830e-01
1.5279510e-01 0.0000000e+00
0.0000000e+00 8.3698090e-01
3.1915450e-01 0.0000000e+00
3.8914600e-02 0.0000000e+00
1.0000000e+00 2.9408940e-01
0.0000000e+00 7.4874200e-02
6.2454080e-01 1.0000000e+00
9.1098610e-01 1.0000000e+00
6.7965840e-01 1.0000000e+00
5.6496630e-01 0.0000000e+00
8.0922440e-01 1.0000000e+00
1.0000000e+00 5.5212310e-01
2.1895840e-01 1.0000000e+00
0.0000000e+00 3.2893200e-01
3.1197440e-01 0.0000000e+00
0.0000000e+00 5.2092800e-01
6.0627500e-01 0.0000000e+00
7.3284700e-02 0.0000000e+00
3.6331040e-01 1.0000000e+00
2.6589930e-01 0.0000000e+00
9.4313140e-01 1.0000000e+00
1.1774200e-01 0.0000000e+00
4.3957790e-01 1.0000000e+00
1.0000000e+00 5.1317210e-01
0.0000000e+00 2.0055870e-01
0.0000000e+00 2.3426990e-01
7.6251970e-01 1.0000000e+00
5.7929180e-01 1.0000000e+00
8.2346120e-01 1.0000000e+00
3.1879240e-01 1.0000000e+00
6.4794890e-01 0.0000000e+00
1.0000000e+00 7.9222510e-01
0.0000000e+00 1.0000000e+00
0.0000000e+00 1.6454530e-01
1.0000000e+00 1.5779000e-01
1.0000000e+00 6.5892170e-01
7.1335170e-01 1.0000000e+00
4.7541590e-01 1.0000000e+00
0.0000000e+00 1.9308960e-01
7.4777450e-01 1.0000000e+00
2.5149250e-01 1.0000000e+00
0.0000000e+00 3.5221630e-01
1.0000000e+00 1.0000000e+00
1.0000000e+00 5.9967900e-02
9.0429870e-01 1.0000000e+00
0.0000000e+00 5.0713640e-01
0.0000000e+00 3.1967600e-02
