4.3594830e-01 1.0000000e+00
5.6277250e-01 1.0000000e+00
1.0000000e+00 9.7507710e-01
4.5591100e-01 0.0000000e+00
9.4063610e-01 0.0000000e+00
5.0513600e-02 1.0000000e+00
1.0000000e+00 2.7755560e-01
9.4769300e-01 0.0000000e+00
0.0000000e+00 3.3958730e-01
5.5439990e-01 1.0000000e+00
0.0000000e+00 8.6175980e-01
0.0000000e+00 8.9915690e-01
0.0000000e+00 9.2145610e-01
3.1875620e-01 1.0000000e+00
1.0000000e+00 8.3537840e-01
1.0000000e+00 1.8983100e-01
1.0000000e+00 5.7809320e-01
1.0000000e+00 6.3121080e-01
1.4780540e-01 0.0000000e+00
1.0000000e+00 3.9060540e-01
1.0000000e+00 1.9497850e-01
2.4198580e-01 0.0000000e+00
1.0000000e+00 8.1562400e-02
3.7039570e-01 0.0000000e+00
5.3283790e-01 0.0000000e+00
1.0000000e+00 7.3365800e-01
1.0000000e+00 8.8824530e-01
0.0000000e+00 2.7620640e-01
0.0000000e+00 4.4054280e-01
1.0000000e+00 2.7463810e-01
1.0000000e+00 9.5985880e-01
7.3978910e-01 0.0000000e+00
3.1093860e-01 1.0000000e+00
2.1736020e-01 0.0000000e+00
0.0000000e+00 0.0000000e+00
4.2131220e-01 1.0000000e+00
9.6757160e-01 0.0000000e+00
1.9398010e-01 0.0000000e+00
2.9465250e-01 0.0000000e+00
1.0000000e+00 3.6738550e-01
6.8568900e-01 0.0000000e+00
9.2074300e-01 1.0000000e+00
2.2050600e-01 1.0000000e+00
2.5318850e-01 0.0000000e+00
6.9656170e-01 1.0000000e+00
2.0809430e-01 0.0000000e+00
0.0000000e+00 3.3400180e-01
1.0000000e+00 4.4664200e-01
2.8867330e-01 0.0000000e+00
8.9879600e-01 0.0000000e+00
1.2411800e-01 0.0000000e+00
4.6840880e-01 0.0000000e+00
7.5226200e-01 1.0000000e+00
2.8664130e-01 1.0000000e+00
2.6466380e-01 1.0000000e+00
0.0000000e+00 3.2210950e-01
8.7900600e-02 1.0000000e+00
0.0000000e+00 2.7430910e-01
8.3395900e-01 0.0000000e+00
1.0000000e+00 4.3706000e-03
8.8839510e-01 0.0000000e+00
7.3799660e-01 1.0000000e+00
3.5967480e-01 1.0000000e+00
6.3758040e-01 1.0000000e+00
1.0000000e+00 2.5790030e-01
5.0654850e-01 1.0000000e+00
0.0000000e+00 9.7138240e-01
1.0000000e+00 5.4978410e-01
7.9539100e-02 1.0000000e+00
3.7175000e-01 1.0000000e+00
2.9834450e-01 1.0000000e+00
1.0000000e+00 0.0000000e+00
3.2714300e-02 0.0000000e+00
1.0000000e+00 7.7790950e-01
2.4109790e-01 0.0000000e+00
1.3575760e-01 1.0000000e+00
0.0000000e+00 3.1472090e-01
1.0000000e+00 7.7989200e-01
8.3649640e-01 1.0000000e+00
1.0000000e+00 2.3071600e-01
0.0000000e+00 1.2510760e-01
1.0000000e+00 7.4020610e-01
0.0000000e+00 8.6560120e-01
0.0000000e+00 2.2773670e-01
2.9905500e-02 0.0000000e+00
0.0000000e+00 1.7979000e-02
1.0000000e+00 9.1999990e-01
1.0000000e+00 9.6016040e-01
2.3805240e-01 0.0000000e+00
0.0000000e+00 4.4029000e-03
5.5726960e-01 1.0000000e+00
3.2583140e-01 0.0000000e+00
7.5960760e-01 1.0000000e+00
1.0000000e+00 9.3703010e-01
0.0000000e+00 3.2495090e-01
8.1689350e-01 0.0000000e+00
1.0000000e+00 2.9685530e-01
3.3766980e-01 0.0000000e+00
0.0000000e+00 8.7604430e-01
1.0000000e+00 7.6041300e-01
1.0000000e+00 9.8626880e-01
7.0231740e-01 0.0000000e+00
0.0000000e+00 4.6753260e-01
5.8179160e-01 0.0000000e+00
9.3018870e-01 0.0000000e+00
1.0000000e+00 2.9198920e-01
8.8149850e-01 0.0000000e+00
0.0000000e+00 3.3336850e-01
1.6926810e-01 0.0000000e+00
1.0000000e+00 1.6822840e-01
2.7481940e-01 1.0000000e+00
1.0000000e+00 3.8841210e-01
6.9509830e-01 1.0000000e+00
3.7622800e-02 0.0000000e+00
9.4797910e-01 1.0000000e+00
0.0000000e+00 9.4888610e-01
0.0000000e+00 1.0000000e+00
1.0000000e+00 3.8090020e-01
9.0305210e-01 1.0000000e+00
1.0000000e+00 1.0512750e-01
0.0000000e+00 4.9228030e-01
1.0000000e+00 7.5885730e-01
3.9346650e-01 1.0000000e+00
1.0000000e+00 1.0000000e+00
6.3494720e-01 0.0000000e+00
1.0000000e+00 5.4459150e-01
1.0000000e+00 3.1132090e-01
1.0000000e+00 9.7804430e-01
