0.0000000e+00 5.6867050e-01
0.0000000e+00 2.9644160e-01
0.0000000e+00 5.5342710e-01
0.0000000e+00 8.6307090e-01
1.0000000e+00 1.4233710e-01
1.0000000e+00 2.3842820e-01
5.7250730e-01 1.0000000e+00
3.5464680e-01 1.0000000e+00
1.0000000e+00 7.7863440e-01
9.0293100e-02 0.0000000e+00
1.0000000e+00 1.8855130e-01
5.1005370e-01 0.0000000e+00
1.0000000e+00 7.6228100e-01
1.0000000e+00 1.8761930e-01
6.6793810e-01 0.0000000e+00
1.0000000e+00 1.6187600e-02
1.0000000e+00 6.1789860e-01
1.3947810e-01 1.0000000e+00
3.8821470e-01 1.0000000e+00
7.1429380e-01 1.0000000e+00
0.0000000e+00 7.7181130e-01
1.5082000e-01 0.0000000e+00
2.1893810e-01 0.0000000e+00
1.0000000e+00 2.4241970e-01
1.0000000e+00 3.4996870e-01
3.9692630e-01 1.0000000e+00
5.3491570e-01 0.0000000e+00
0.0000000e+00 1.0355500e-02
1.0000000e+00 3.2009020e-01
1.0000000e+00 8.3581570e-01
0.0000000e+00 1.2628400e-02
0.0000000e+00 0.0000000e+00
1.0000000e+00 8.6742100e-01
1.0000000e+00 9.2524700e-02
0.0000000e+00 9.4355120e-01
3.8751050e-01 1.0000000e+00
0.0000000e+00 9.9275780e-01
0.0000000e+00 8.6902820e-01
1.0000000e+00 1.9049920e-01
2.7453570e-01 0.0000000e+00
0.0000000e+00 8.2985100e-01
1.0000000e+00 3.7088660e-01
4.3980130e-01 0.0000000e+00
4.0507570e-01 0.0000000e+00
4.8728000e-03 0.0000000e+00
8.5260180e-01 0.0000000e+00
1.0000000e+00 9.1797600e-02
3.1011990e-01 1.0000000e+00
1.0000000e+00 7.7367460e-01
1.0000000e+00 8.1367430e-01
8.4585790e-01 0.0000000e+00
7.5396830e-01 0.0000000e+00
0.0000000e+00 6.2442900e-01
7.9090650e-01 0.0000000e+00
0.0000000e+00 2.6418400e-01
2.3671470e-01 0.0000000e+00
8.4678150e-01 0.0000000e+00
0.0000000e+00 6.8309000e-03
1.0000000e+00 9.2602940e-01
5.3180700e-02 1.0000000e+00
0.0000000e+00 7.2756230e-01
0.0000000e+00 3.2634920e-01
5.1846920e-01 1.0000000e+00
0.0000000e+00 3.7240300e-01
0.0000000e+00 6.3072770e-01
0.0000000e+00 8.3463900e-01
1.0000000e+00 7.6643300e-02
4.0139840e-01 1.0000000e+00
1.0000000e+00 9.1569190e-01
2.3406750e-01 1.0000000e+00
0.0000000e+00 4.5667040e-01
2.3344640e-01 1.0000000e+00
6.4731870e-01 0.0000000e+00
4.4870230e-01 0.0000000e+00
1.0000000e+00 5.7112710e-01
1.0000000e+00 0.0000000e+00
3.6527430e-01 1.0000000e+00
7.7142050e-01 1.0000000e+00
2.2285480e-01 1.0000000e+00
9.2412890e-01 1.0000000e+00
1.0000000e+00 2.9368810e-01
8.8456510e-01 0.0000000e+00
0.0000000e+00 1.1889240e-01
4.9148110e-01 0.0000000e+00
0.0000000e+00 1.9303560e-01
1.0000000e+00 4.6681720e-01
6.7864240e-01 1.0000000e+00
1.0000000e+00 9.0518290e-01
1.0000000e+00 8.3578610e-01
0.0000000e+00 3.9453660e-01
9.7561680e-01 0.0000000e+00
2.9894100e-01 1.0000000e+00
1.0000000e+00 2.7667500e-01
4.9073910e-01 0.0000000e+00
7.3817260e-01 0.0000000e+00
3.2999750e-01 1.0000000e+00
6.4711530e-01 0.0000000e+00
0.0000000e+00 7.6412170e-01
1.0000000e+00 8.4141610e-01
1.0000000e+00 2.2843230e-01
1.0000000e+00 2.0776730e-01
8.3118840e-01 0.0000000e+00
0.0000000e+00 3.5425800e-02
8.2988660e-01 0.0000000e+00
1.0000000e+00 5.0452760e-01
0.0000000e+00 2.1318050e-01
6.3559190e-01 0.0000000e+00
3.4977990e-01 1.0000000e+00
0.0000000e+00 6.9768760e-01
7.2565350e-01 1.0000000e+00
1.0000000e+00 5.2309630e-01
0.0000000e+00 1.0000000e+00
7.2659130e-01 0.0000000e+00
6.4140200e-01 0.0000000e+00
0.0000000e+00 8.6799700e-02
2.8682950e-01 1.0000000e+00
4.3919210e-01 1.0000000e+00
6.1495810e-01 1.0000000e+00
9.6736340e-01 0.0000000e+00
1.0000000e+00 5.6155590e-01
8.7070380e-01 0.0000000e+00
0.0000000e+00 3.4897810e-01
8.8666640e-01 1.0000000e+00
1.0000000e+00 1.0000000e+00
9.8457790e-01 0.0000000e+00
0.0000000e+00 4.5159790e-01
0.0000000e+00 8.7380880e-01
1.0000000e+00 1.8072820e-01
