0.0000000e+00 0.0000000e+00
1.0000000e+00 0.0000000e+00
0.0000000e+00 1.0000000e+00
1.0000000e+00 1.0000000e+00
1.0000000e+00 5.1145070e-01
0.0000000e+00 3.5051890e-01
1.0000000e+00 8.2324970e-01
6.1423750e-01 0.0000000e+00
1.1223340e-01 1.0000000e+00
0.0000000e+00 6.7697770e-01
3.0505160e-01 1.0000000e+00
1.0000000e+00 9.7400590e-01
1.0000000e+00 4.4653850e-01
1.0000000e+00 7.5173000e-01
6.5391130e-01 1.0000000e+00
0.0000000e+00 9.7093560e-01
7.4631450e-01 0.0000000e+00
0.0000000e+00 4.0665210e-01
0.0000000e+00 8.4632260e-01
8.2868890e-01 0.0000000e+00
1.0000000e+00 8.7502500e-02
5.8982670e-01 0.0000000e+00
0.0000000e+00 1.9927510e-01
7.5540500e-02 1.0000000e+00
1.0000000e+00 8.4455280e-01
8.4968750e-01 0.0000000e+00
1.2118340e-01 1.0000000e+00
4.9030800e-02 0.0000000e+00
0.0000000e+00 3.6607010e-01
0.0000000e+00 5.6849550e-01
2.1117690e-01 1.0000000e+00
2.9547430e-01 0.0000000e+00
1.0000000e+00 9.4277660e-01
2.4853860e-01 0.0000000e+00
7.1016350e-01 1.0000000e+00
0.0000000e+00 7.0343900e-01
6.8835230e-01 1.0000000e+00
0.0000000e+00 1.3088140e-01
0.0000000e+00 1.3400100e-01
3.7958200e-02 0.0000000e+00
0.0000000e+00 5.6110180e-01
0.0000000e+00 8.2428740e-01
0.0000000e+00 3.3864550e-01
1.0000000e+00 6.0834100e-01
0.0000000e+00 7.1986200e-01
0.0000000e+00 1.1036420e-01
8.6262250e-01 1.0000000e+00
1.0000000e+00 5.0658530e-01
1.0000000e+00 7.6455840e-01
4.8361120e-01 0.0000000e+00
5.3879370e-01 1.0000000e+00
0.0000000e+00 8.1090740e-01
1.0000000e+00 2.3446970e-01
0.0000000e+00 8.9215330e-01
6.6428490e-01 1.0000000e+00
1.0000000e+00 3.5620230e-01
6.0554260e-01 1.0000000e+00
9.0955360e-01 0.0000000e+00
2.4807400e-01 1.0000000e+00
1.0000000e+00 1.1856640e-01
5.8563210e-01 1.0000000e+00
3.4474240e-01 0.0000000e+00
0.0000000e+00 3.1180700e-01
3.2820460e-01 0.0000000e+00
1.0000000e+00 3.9315980e-01
2.1022920e-01 0.0000000e+00
9.5182140e-01 0.0000000e+00
1.7704130e-01 0.0000000e+00
3.4455940e-01 0.0000000e+00
4.1335690e-01 0.0000000e+00
8.3145210e-01 0.0000000e+00
1.0000000e+00 5.2394990e-01
1.0000000e+00 4.3621280e-01
4.1628480e-01 1.0000000e+00
1.0000000e+00 1.6852740e-01
1.0000000e+00 2.1630860e-01
1.1352470e-01 0.0000000e+00
0.0000000e+00 5.9549440e-01
2.6271570e-01 0.0000000e+00
1.0000000e+00 9.0965360e-01
7.8783200e-02 0.0000000e+00
1.8543350e-01 0.0000000e+00
2.6401190e-01 0.0000000e+00
1.0000000e+00 3.4306750e-01
0.0000000e+00 8.9377880e-01
9.2468240e-01 1.0000000e+00
7.6205370e-01 0.0000000e+00
0.0000000e+00 2.8540120e-01
0.0000000e+00 4.5512500e-02
3.6989820e-01 0.0000000e+00
8.9598600e-02 1.0000000e+00
1.0000000e+00 7.4032860e-01
0.0000000e+00 4.2660480e-01
5.3536310e-01 1.0000000e+00
1.0000000e+00 7.8343570e-01
1.0000000e+00 4.8926790e-01
1.0000000e+00 7.6748560e-01
8.5807600e-02 0.0000000e+00
1.7538990e-01 1.0000000e+00
1.0000000e+00 4.0936680e-01
1.0000000e+00 1.6483570e-01
1.0000000e+00 7.4177100e-01
0.0000000e+00 6.6321090e-01
1.0000000e+00 7.2950430e-01
6.0065220e-01 1.0000000e+00
1.0000000e+00 2.1502710e-01
9.2492900e-01 1.0000000e+00
0.0000000e+00 1.9898930e-01
5.4428270e-01 1.0000000e+00
0.0000000e+00 3.4197790e-01
1.0000000e+00 2.8082180e-01
7.5690990e-01 0.0000000e+00
0.0000000e+00 6.3942320e-01
8.7993000e-02 1.0000000e+00
6.6518420e-01 0.0000000e+00
0.0000000e+00 7.4215600e-02
1.0000000e+00 4.7451190e-01
7.8279260e-01 1.0000000e+00
0.0000000e+00 2.5177310e-01
0.0000000e+00 7.5988300e-02
4.8261670e-01 0.0000000e+00
0.0000000e+00 9.4677600e-01
1.0000000e+00 8.9655910e-01
8.8509600e-02 0.0000000e+00
0.0000000e+00 7.5747500e-02
0.0000000e+00 3.8814540e-01
0.0000000e+00 4.6091470e-01
9.2361290e-01 0.0000000e+00
