0.0000000e+00 0.0000000e+00
1.0000000e+00 0.0000000e+00
0.0000000e+00 1.0000000e+00
1.0000000e+00 1.0000000e+00
2.8653570e-01 1.0000000e+00
1.0000000e+00 6.7970420e-01
0.0000000e+00 1.0362320e-01
0.0000000e+00 9.0706790e-01
4.7112000e-01 1.0000000e+00
2.9477000e-02 1.0000000e+00
1.0000000e+00 7.6721710e-01
0.0000000e+00 1.8961130e-01
1.0000000e+00 3.9053630e-01
2.8897950e-01 0.0000000e+00
7.1440700e-01 0.0000000e+00
1.0000000e+00 3.6968940e-01
0.0000000e+00 3.1969280e-01
4.2453660e-01 1.0000000e+00
4.9436710e-01 1.0000000e+00
8.2801550e-01 0.0000000e+00
1.0000000e+00 2.8280250e-01
1.0000000e+00 6.9705470e-01
3.4880000e-03 1.0000000e+00
2.2464080e-01 1.0000000e+00
1.0000000e+00 5.5351500e-01
1.0000000e+00 2.5671140e-01
1.3418970e-01 1.0000000e+00
0.0000000e+00 2.3825990e-01
0.0000000e+00 1.2602570e-01
1.0000000e+00 7.2708710e-01
3.1101610e-01 0.0000000e+00
4.6225670e-01 1.0000000e+00
0.0000000e+00 8.8871680e-01
1.0000000e+00 2.3763910e-01
1.0000000e+00 6.1734100e-01
9.6496370e-01 1.0000000e+00
1.0000000e+00 7.7836500e-02
2.6199100e-01 0.0000000e+00
1.0000000e+00 5.0390750e-01
4.6183580e-01 0.0000000e+00
1.0000000e+00 7.6210990e-01
9.4222340e-01 1.0000000e+00
0.0000000e+00 6.2305630e-01
8.9905800e-01 1.0000000e+00
6.9999650e-01 0.0000000e+00
8.6069160e-01 0.0000000e+00
0.0000000e+00 6.4045110e-01
3.9117800e-02 0.0000000e+00
0.0000000e+00 4.4880620e-01
7.4759920e-01 1.0000000e+00
9.7479390e-01 1.0000000e+00
7.6404850e-01 1.0000000e+00
1.4727640e-01 0.0000000e+00
0.0000000e+00 3.6516300e-01
0.0000000e+00 6.0328320e-01
2.5466680e-01 1.0000000e+00
1.0000000e+00 2.4903520e-01
7.8268310e-01 1.0000000e+00
6.6476900e-02 1.0000000e+00
1.0000000e+00 4.7782750e-01
6.2362960e-01 0.0000000e+00
5.7886520e-01 0.0000000e+00
6.3400990e-01 1.0000000e+00
2.5341420e-01 0.0000000e+00
9.9013180e-01 0.0000000e+00
8.6625430e-01 1.0000000e+00
1.0000000e+00 4.5435260e-01
0.0000000e+00 9.8646860e-01
1.0000000e+00 6.3001630e-01
1.0000000e+00 7.0513660e-01
0.0000000e+00 6.9804120e-01
9.0621850e-01 0.0000000e+00
0.0000000e+00 4.1690890e-01
2.8463750e-01 1.0000000e+00
1.0000000e+00 3.2470220e-01
5.8515350e-01 1.0000000e+00
0.0000000e+00 7.5717760e-01
0.0000000e+00 4.4468800e-01
1.0000000e+00 3.9084840e-01
5.1763000e-03 1.0000000e+00
1.0000000e+00 6.3291830e-01
5.9146040e-01 0.0000000e+00
3.6279900e-01 0.0000000e+00
0.0000000e+00 8.8093000e-01
9.4071620e-01 1.0000000e+00
3.5009400e-02 0.0000000e+00
1.0000000e+00 7.5437150e-01
3.0868790e-01 1.0000000e+00
0.0000000e+00 2.0852540e-01
0.0000000e+00 5.7086300e-01
6.5984100e-02 0.0000000e+00
1.0000000e+00 6.0899390e-01
4.4873180e-01 1.0000000e+00
1.4093800e-02 0.0000000e+00
1.0000000e+00 6.6222110e-01
1.0000000e+00 3.5146540e-01
0.0000000e+00 4.1192570e-01
9.8925990e-01 0.0000000e+00
6.4086870e-01 0.0000000e+00
0.0000000e+00 1.2439030e-01
0.0000000e+00 2.0048340e-01
1.0000000e+00 8.4676540e-01
7.7350200e-02 1.0000000e+00
0.0000000e+00 8.6980860e-01
5.2635180e-01 0.0000000e+00
0.0000000e+00 3.1494130e-01
5.4877910e-01 0.0000000e+00
4.8435000e-03 0.0000000e+00
8.9393860e-01 1.0000000e+00
2.1003000e-02 1.0000000e+00
8.6427330e-01 0.0000000e+00
0.0000000e+00 7.9809530e-01
8.1444880e-01 0.0000000e+00
4.9891880e-01 0.0000000e+00
1.9253120e-01 1.0000000e+00
1.0000000e+00 3.4468040e-01
5.2032660e-01 0.0000000e+00
1.8074100e-01 0.0000000e+00
5.7243440e-01 1.0000000e+00
6.0380470e-01 1.0000000e+00
3.3484480e-01 1.0000000e+00
5.3582350e-01 1.0000000e+00
8.0453050e-01 0.0000000e+00
3.9892150e-01 1.0000000e+00
5.9024400e-02 0.0000000e+00
8.4040100e-01 0.0000000e+00
0.0000000e+00 2.9617430e-01
0.0000000e+00 2.1241270e-01
