1.0000000e+00 7.8829100e-02
4.3439100e-02 0.0000000e+00
0.0000000e+00 5.6199900e-01
0.0000000e+00 2.8389700e-02
2.5733970e-01 0.0000000e+00
9.3197210e-01 1.0000000e+00
1.0000000e+00 7.9360000e-02
2.4302170e-01 1.0000000e+00
1.0000000e+00 7.1575370e-01
5.0290970e-01 1.0000000e+00
0.0000000e+00 2.8765750e-01
0.0000000e+00 9.6057490e-01
0.0000000e+00 7.7347550e-01
4.1170510e-01 1.0000000e+00
0.0000000e+00 5.2759260e-01
1.0000000e+00 9.3600710e-01
0.0000000e+00 2.4034660e-01
1.0000000e+00 3.5083710e-01
0.0000000e+00 8.9139100e-02
0.0000000e+00 0.0000000e+00
0.0000000e+00 7.7717800e-02
7.5883220e-01 0.0000000e+00
1.0000000e+00 2.2595600e-02
1.0000000e+00 3.4903800e-01
0.0000000e+00 8.5090150e-01
0.0000000e+00 4.4811210e-01
6.5649340e-01 0.0000000e+00
1.0000000e+00 4.7793930e-01
4.4001130e-01 1.0000000e+00
4.2133900e-01 0.0000000e+00
4.8474250e-01 1.0000000e+00
2.2066520e-01 0.0000000e+00
7.3774780e-01 1.0000000e+00
4.4084730e-01 0.0000000e+00
1.0000000e+00 8.1223790e-01
1.1468390e-01 0.0000000e+00
1.0000000e+00 7.4413050e-01
9.5263770e-01 1.0000000e+00
1.1643000e-01 1.0000000e+00
4.3464930e-01 1.0000000e+00
1.3322990e-01 0.0000000e+00
0.0000000e+00 4.3892760e-01
1.0000000e+00 3.2062610e-01
5.2738950e-01 1.0000000e+00
9.5026990e-01 1.0000000e+00
0.0000000e+00 5.7573320e-01
8.7667370e-01 1.0000000e+00
2.1035540e-01 0.0000000e+00
1.0000000e+00 4.1874150e-01
1.0000000e+00 3.3697360e-01
0.0000000e+00 2.6257200e-01
0.0000000e+00 1.9857900e-01
1.0000000e+00 1.7331710e-01
1.9102850e-01 0.0000000e+00
1.0000000e+00 7.4088770e-01
6.4651830e-01 0.0000000e+00
1.0000000e+00 2.9511000e-02
7.2496470e-01 1.0000000e+00
1.0000000e+00 5.2794730e-01
1.0000000e+00 0.0000000e+00
6.6542480e-01 0.0000000e+00
0.0000000e+00 8.2281390e-01
0.0000000e+00 7.3990540e-01
4.8196760e-01 1.0000000e+00
0.0000000e+00 1.7119920e-01
6.4553930e-01 1.0000000e+00
5.4860060e-01 1.0000000e+00
7.2456500e-01 0.0000000e+00
7.7724300e-01 1.0000000e+00
1.0000000e+00 6.1543680e-01
0.0000000e+00 5.5736670e-01
4.2794030e-01 1.0000000e+00
8.0914780e-01 1.0000000e+00
8.2230930e-01 1.0000000e+00
0.0000000e+00 9.2325550e-01
1.0000000e+00 1.8844780e-01
5.6601550e-01 1.0000000e+00
1.0000000e+00 5.8108070e-01
0.0000000e+00 8.7694400e-01
3.5439220e-01 1.0000000e+00
6.2404850e-01 0.0000000e+00
1.0000000e+00 5.5175100e-01
5.5486350e-01 1.0000000e+00
0.0000000e+00 1.8136570e-01
1.0000000e+00 7.5457940e-01
3.9884340e-01 1.0000000e+00
1.0000000e+00 8.1994780e-01
1.3414490e-01 1.0000000e+00
0.0000000e+00 2.9157810e-01
0.0000000e+00 7.6051950e-01
5.0832230e-01 0.0000000e+00
8.3239730e-01 0.0000000e+00
9.9371730e-01 0.0000000e+00
0.0000000e+00 9.5795590e-01
6.3941600e-02 1.0000000e+00
0.0000000e+00 7.1506800e-02
8.7936470e-01 0.0000000e+00
4.0572530e-01 1.0000000e+00
2.8299400e-01 1.0000000e+00
0.0000000e+00 8.9651320e-01
1.0000000e+00 8.3752230e-01
1.9906420e-01 1.0000000e+00
7.7082700e-01 0.0000000e+00
8.3803700e-02 0.0000000e+00
4.2200800e-01 1.0000000e+00
6.3609450e-01 0.0000000e+00
0.0000000e+00 5.2206450e-01
9.0707670e-01 0.0000000e+00
0.0000000e+00 2.3605520e-01
1.0000000e+00 2.4804590e-01
3.0588330e-01 0.0000000e+00
0.0000000e+00 1.0000000e+00
7.0792600e-02 0.0000000e+00
1.0000000e+00 9.2813670e-01
0.0000000e+00 5.3820320e-01
6.1426340e-01 1.0000000e+00
1.0000000e+00 6.1363770e-01
6.0743090e-01 0.0000000e+00
5.5547580e-01 0.0000000e+00
2.6257360e-01 0.0000000e+00
0.0000000e+00 5.6417860e-01
1.5484510e-01 0.0000000e+00
1.0000000e+00 4.5548360e-01
0.0000000e+00 1.8782720e-01
1.0000000e+00 1.0000000e+00
3.7200390e-01 0.0000000e+00
1.0000000e+00 9.4039500e-01
4.4560310e-01 1.0000000e+00
