0.0000000e+00 0.0000000e+00
1.0000000e+00 0.0000000e+00
0.0000000e+00 1.0000000e+00
1.0000000e+00 1.0000000e+00
1.0000000e+00 3.6895180e-01
4.2240200e-02 0.0000000e+00
7.5939480e-01 0.0000000e+00
6.5076160e-01 1.0000000e+00
1.0000000e+00 2.0177820e-01
2.9178720e-01 0.0000000e+00
7.8354020e-01 0.0000000e+00
1.3259740e-01 1.0000000e+00
4.5318200e-02 1.0000000e+00
0.0000000e+00 6.4909770e-01
1.0038720e-01 1.0000000e+00
8.7718430e-01 0.0000000e+00
1.0000000e+00 2.3125870e-01
1.0000000e+00 8.9324800e-02
3.8618310e-01 0.0000000e+00
1.0000000e+00 3.2385460e-01
6.3593730e-01 1.0000000e+00
4.6726060e-01 0.0000000e+00
2.2205360e-01 0.0000000e+00
1.0000000e+00 1.0352730e-01
0.0000000e+00 8.2311640e-01
7.6006000e-02 0.0000000e+00
4.9416480e-01 0.0000000e+00
0.0000000e+00 6.3619340e-01
0.0000000e+00 3.4785910e-01
3.4190310e-01 0.0000000e+00
1.0000000e+00 4.6431990e-01
0.0000000e+00 7.5772500e-01
3.1250820e-01 0.0000000e+00
0.0000000e+00 5.6985670e-01
3.6626390e-01 0.0000000e+00
5.4308880e-01 1.0000000e+00
5.9832260e-01 0.0000000e+00
0.0000000e+00 6.5428900e-02
9.8197380e-01 0.0000000e+00
6.9447620e-01 0.0000000e+00
0.0000000e+00 2.8872190e-01
6.5380250e-01 1.0000000e+00
3.7374230e-01 0.0000000e+00
1.0000000e+00 5.0921770e-01
7.0390890e-01 1.0000000e+00
8.1857810e-01 0.0000000e+00
3.6355220e-01 0.0000000e+00
0.0000000e+00 3.2086130e-01
1.0000000e+00 4.1947740e-01
0.0000000e+00 4.6869300e-02
3.0920290e-01 1.0000000e+00
1.0000000e+00 7.5159620e-01
1.0176300e-02 0.0000000e+00
4.5347590e-01 0.0000000e+00
0.0000000e+00 7.1277920e-01
6.9927620e-01 1.0000000e+00
2.3198080e-01 1.0000000e+00
7.9041880e-01 1.0000000e+00
5.8694100e-02 1.0000000e+00
0.0000000e+00 3.0824390e-01
4.7291790e-01 0.0000000e+00
0.0000000e+00 9.4303640e-01
9.2655190e-01 1.0000000e+00
1.0000000e+00 2.6107700e-01
1.0000000e+00 5.2309360e-01
4.1296360e-01 1.0000000e+00
2.0392210e-01 0.0000000e+00
0.0000000e+00 1.4045530e-01
1.0000000e+00 5.9861620e-01
9.5429410e-01 0.0000000e+00
6.2902100e-01 1.0000000e+00
9.9466510e-01 1.0000000e+00
0.0000000e+00 6.1911990e-01
1.0000000e+00 6.8498030e-01
4.5995320e-01 1.0000000e+00
5.1912150e-01 1.0000000e+00
1.0000000e+00 9.5274650e-01
1.0000000e+00 8.7704200e-02
1.0000000e+00 4.7190320e-01
0.0000000e+00 8.1901160e-01
6.0083460e-01 0.0000000e+00
1.9934640e-01 1.0000000e+00
8.1728880e-01 0.0000000e+00
1.2347100e-02 0.0000000e+00
2.2414140e-01 1.0000000e+00
5.1516950e-01 0.0000000e+00
9.1832660e-01 1.0000000e+00
8.8340520e-01 0.0000000e+00
9.6749500e-02 0.0000000e+00
1.0000000e+00 3.8514260e-01
7.1138700e-02 1.0000000e+00
1.0000000e+00 9.6739970e-01
0.0000000e+00 2.6044860e-01
9.4772850e-01 1.0000000e+00
7.1975030e-01 0.0000000e+00
6.7209000e-03 1.0000000e+00
0.0000000e+00 5.0155490e-01
1.0000000e+00 2.8387700e-01
0.0000000e+00 1.3525230e-01
1.0000000e+00 6.9801670e-01
0.0000000e+00 9.4442620e-01
1.2767570e-01 1.0000000e+00
2.1002100e-01 0.0000000e+00
2.9328400e-02 1.0000000e+00
4.7938490e-01 1.0000000e+00
6.3422760e-01 1.0000000e+00
4.5509120e-01 0.0000000e+00
7.5191770e-01 0.0000000e+00
0.0000000e+00 8.3926060e-01
0.0000000e+00 4.0495650e-01
0.0000000e+00 2.8749050e-01
1.0000000e+00 3.0641110e-01
0.0000000e+00 2.9865950e-01
0.0000000e+00 4.7158610e-01
6.7634670e-01 1.0000000e+00
1.0000000e+00 9.1495930e-01
0.0000000e+00 1.7437610e-01
1.0000000e+00 1.8554920e-01
6.1440900e-01 1.0000000e+00
7.3111800e-01 0.0000000e+00
8.9942980e-01 1.0000000e+00
9.2577880e-01 0.0000000e+00
0.0000000e+00 9.1789340e-01
6.0894000e-02 1.0000000e+00
1.0000000e+00 7.7862620e-01
1.0000000e+00 3.7995870e-01
9.1021900e-01 1.0000000e+00
5.5013280e-01 1.0000000e+00
