5.4322800e-02 1.0000000e+00
4.8973160e-01 0.0000000e+00
3.3543260e-01 1.0000000e+00
1.0000000e+00 4.0418340e-01
5.0788150e-01 1.0000000e+00
9.4281280e-01 1.0000000e+00
0.0000000e+00 2.1318880e-01
5.5808390e-01 1.0000000e+00
7.0684880e-01 0.0000000e+00
0.0000000e+00 4.3712950e-01
5.5344800e-02 1.0000000e+00
4.6028030e-01 1.0000000e+00
9.4617870e-01 1.0000000e+00
4.4341800e-02 1.0000000e+00
8.9691700e-02 1.0000000e+00
9.1197820e-01 0.0000000e+00
1.0000000e+00 1.9886210e-01
1.1336860e-01 1.0000000e+00
1.0000000e+00 3.3644880e-01
0.0000000e+00 0.0000000e+00
3.7883070e-01 0.0000000e+00
7.2964700e-02 1.0000000e+00
0.0000000e+00 6.2534790e-01
4.4057360e-01 1.0000000e+00
9.8419810e-01 1.0000000e+00
1.0000000e+00 9.4484180e-01
7.6316750e-01 0.0000000e+00
1.0000000e+00 6.4557980e-01
0.0000000e+00 4.5351590e-01
1.0000000e+00 4.4036300e-01
2.4635500e-01 1.0000000e+00
2.3606010e-01 0.0000000e+00
1.0000000e+00 8.7447910e-01
1.0000000e+00 2.4013990e-01
4.0646720e-01 1.0000000e+00
5.1636370e-01 1.0000000e+00
2.7152700e-01 0.0000000e+00
2.8868220e-01 0.0000000e+00
0.0000000e+00 3.9742290e-01
9.8050030e-01 0.0000000e+00
0.0000000e+00 6.8114610e-01
0.0000000e+00 4.1959250e-01
6.2277770e-01 1.0000000e+00
2.2436020e-01 0.0000000e+00
3.3674400e-01 0.0000000e+00
0.0000000e+00 2.9853000e-03
9.4416500e-01 1.0000000e+00
0.0000000e+00 1.6175440e-01
0.0000000e+00 9.3559910e-01
1.0000000e+00 2.9396140e-01
0.0000000e+00 3.2058280e-01
5.0476700e-01 1.0000000e+00
1.0000000e+00 5.9752280e-01
1.0000000e+00 9.0790660e-01
0.0000000e+00 7.8630630e-01
1.0000000e+00 3.4849640e-01
8.7448400e-02 1.0000000e+00
8.6295810e-01 0.0000000e+00
5.2504450e-01 0.0000000e+00
1.0000000e+00 4.0933060e-01
9.9161500e-01 1.0000000e+00
1.0000000e+00 4.4169330e-01
1.0000000e+00 9.6240600e-02
1.0000000e+00 1.2151950e-01
1.0000000e+00 1.8395750e-01
1.0000000e+00 4.9727750e-01
0.0000000e+00 7.1010950e-01
2.2379640e-01 1.0000000e+00
0.0000000e+00 1.1876550e-01
4.0063760e-01 1.0000000e+00
1.0000000e+00 5.0007170e-01
3.7161060e-01 1.0000000e+00
6.1497870e-01 1.0000000e+00
3.0036070e-01 1.0000000e+00
9.3716120e-01 1.0000000e+00
9.0465460e-01 0.0000000e+00
1.5863950e-01 1.0000000e+00
1.0000000e+00 0.0000000e+00
0.0000000e+00 4.1873260e-01
0.0000000e+00 2.0029680e-01
1.0000000e+00 7.1073640e-01
0.0000000e+00 6.4017700e-01
4.6805470e-01 1.0000000e+00
4.7189890e-01 1.0000000e+00
1.0000000e+00 1.8881180e-01
9.6612430e-01 0.0000000e+00
0.0000000e+00 9.2440830e-01
0.0000000e+00 6.1858810e-01
0.0000000e+00 9.7035690e-01
0.0000000e+00 7.2924260e-01
0.0000000e+00 9.7454820e-01
1.2034660e-01 0.0000000e+00
0.0000000e+00 9.0604270e-01
4.6728700e-02 1.0000000e+00
1.0000000e+00 3.1681880e-01
0.0000000e+00 6.2206180e-01
0.0000000e+00 8.6909750e-01
2.9569660e-01 0.0000000e+00
1.0000000e+00 8.6852300e-01
0.0000000e+00 3.7346140e-01
1.3176130e-01 1.0000000e+00
9.2218210e-01 1.0000000e+00
0.0000000e+00 7.2461650e-01
0.0000000e+00 2.7726220e-01
6.3547810e-01 0.0000000e+00
9.1172290e-01 1.0000000e+00
1.0000000e+00 8.4643530e-01
1.0000000e+00 1.2901770e-01
0.0000000e+00 1.0964270e-01
1.0000000e+00 7.2217820e-01
1.0000000e+00 7.2339610e-01
0.0000000e+00 1.0000000e+00
0.0000000e+00 2.7198620e-01
0.0000000e+00 4.8663090e-01
0.0000000e+00 3.3668180e-01
0.0000000e+00 4.0139350e-01
1.9806940e-01 0.0000000e+00
8.9113500e-02 1.0000000e+00
0.0000000e+00 3.4893240e-01
0.0000000e+00 3.4141920e-01
1.8088300e-02 0.0000000e+00
0.0000000e+00 3.7182360e-01
0.0000000e+00 5.1694500e-01
1.0000000e+00 1.0000000e+00
9.4087010e-01 0.0000000e+00
0.0000000e+00 5.9493110e-01
5.4554720e-01 1.0000000e+00
1.0000000e+00 6.2626600e-01
