0.0000000e+00 0.0000000e+00
1.0000000e+00 0.0000000e+00
0.0000000e+00 1.0000000e+00
1.0000000e+00 1.0000000e+00
1.0000000e+00 3.3551570e-01
0.0000000e+00 7.5618520e-01
1.1442500e-02 1.0000000e+00
8.1924380e-01 1.0000000e+00
1.0000000e+00 4.6142770e-01
2.9874880e-01 1.0000000e+00
8.1258730e-01 1.0000000e+00
0.0000000e+00 3.8625840e-01
1.0000000e+00 1.7030420e-01
9.8667440e-01 0.0000000e+00
0.0000000e+00 9.0527080e-01
0.0000000e+00 7.8944640e-01
1.0000000e+00 1.2912820e-01
8.8543170e-01 0.0000000e+00
4.3324000e-01 0.0000000e+00
1.0000000e+00 9.4135850e-01
1.0000000e+00 8.1532240e-01
0.0000000e+00 8.7034190e-01
7.3149060e-01 0.0000000e+00
5.6851130e-01 0.0000000e+00
1.0000000e+00 8.1326080e-01
2.6283890e-01 1.0000000e+00
4.4828460e-01 1.0000000e+00
0.0000000e+00 7.3337260e-01
9.0298540e-01 0.0000000e+00
1.0000000e+00 6.9803710e-01
4.5599280e-01 1.0000000e+00
1.0000000e+00 1.1521010e-01
1.8095490e-01 1.0000000e+00
2.6394500e-02 1.0000000e+00
2.1329330e-01 1.0000000e+00
0.0000000e+00 7.6716200e-02
1.0000000e+00 3.4417610e-01
1.0000000e+00 9.9055710e-01
0.0000000e+00 3.7770470e-01
1.0000000e+00 6.0127340e-01
9.0862230e-01 0.0000000e+00
8.4406330e-01 0.0000000e+00
8.2737060e-01 0.0000000e+00
1.0000000e+00 9.0449920e-01
1.0000000e+00 6.2742520e-01
3.6170320e-01 0.0000000e+00
9.8196980e-01 1.0000000e+00
1.0000000e+00 4.8208860e-01
0.0000000e+00 1.8239710e-01
1.6887950e-01 0.0000000e+00
4.6333830e-01 0.0000000e+00
0.0000000e+00 5.3908000e-01
1.9613170e-01 0.0000000e+00
6.2981800e-02 1.0000000e+00
5.8330310e-01 0.0000000e+00
0.0000000e+00 2.1214420e-01
3.1018560e-01 1.0000000e+00
1.0000000e+00 5.1802380e-01
4.4142040e-01 1.0000000e+00
2.3097110e-01 1.0000000e+00
8.6351360e-01 0.0000000e+00
1.0000000e+00 3.7172660e-01
1.2535960e-01 0.0000000e+00
6.6719980e-01 0.0000000e+00
0.0000000e+00 8.5576140e-01
2.9223680e-01 1.0000000e+00
0.0000000e+00 1.0092790e-01
1.0000000e+00 8.4728030e-01
3.1878680e-01 1.0000000e+00
1.0000000e+00 9.9443080e-01
5.9226590e-01 1.0000000e+00
8.8728380e-01 0.0000000e+00
2.6576880e-01 1.0000000e+00
0.0000000e+00 7.7895570e-01
0.0000000e+00 4.6988790e-01
0.0000000e+00 9.6841240e-01
8.8245290e-01 0.0000000e+00
1.0000000e+00 1.6158840e-01
3.2380630e-01 1.0000000e+00
4.1524110e-01 1.0000000e+00
0.0000000e+00 4.2711940e-01
4.4404180e-01 1.0000000e+00
2.7294910e-01 0.0000000e+00
8.5940070e-01 1.0000000e+00
7.8898000e-03 1.0000000e+00
0.0000000e+00 3.7649440e-01
1.0000000e+00 4.5500810e-01
0.0000000e+00 2.9239900e-01
4.6268290e-01 0.0000000e+00
2.8592400e-01 0.0000000e+00
0.0000000e+00 7.1943970e-01
1.0000000e+00 3.6467000e-02
0.0000000e+00 2.1672190e-01
5.1036440e-01 1.0000000e+00
2.3176670e-01 0.0000000e+00
0.0000000e+00 4.1573660e-01
0.0000000e+00 4.5607540e-01
3.8525000e-01 1.0000000e+00
4.5517380e-01 0.0000000e+00
2.3066180e-01 0.0000000e+00
1.2228830e-01 1.0000000e+00
1.0000000e+00 9.1343320e-01
2.1056730e-01 0.0000000e+00
0.0000000e+00 6.7906740e-01
1.0000000e+00 1.2799640e-01
5.9342470e-01 0.0000000e+00
1.0000000e+00 7.2624400e-02
3.9496160e-01 0.0000000e+00
1.0000000e+00 7.5178620e-01
3.6624340e-01 0.0000000e+00
0.0000000e+00 9.8674090e-01
2.9163600e-02 1.0000000e+00
2.8218630e-01 1.0000000e+00
6.6522290e-01 1.0000000e+00
0.0000000e+00 6.4801430e-01
0.0000000e+00 6.1868340e-01
2.2492140e-01 0.0000000e+00
5.8949000e-03 0.0000000e+00
1.0000000e+00 5.4250490e-01
0.0000000e+00 6.3501980e-01
2.0921300e-01 0.0000000e+00
0.0000000e+00 9.9156670e-01
6.1301040e-01 1.0000000e+00
1.0000000e+00 8.6149610e-01
9.8644140e-01 1.0000000e+00
0.0000000e+00 9.6230350e-01
2.6020680e-01 0.0000000e+00
1.0000000e+00 1.5557270e-01
