6.4104500e-01 0.0000000e+00
0.0000000e+00 4.6644450e-01
0.0000000e+00 7.2506800e-02
2.4200760e-01 1.0000000e+00
1.9719080e-01 0.0000000e+00
1.0000000e+00 6.2660500e-02
4.5914030e-01 1.0000000e+00
1.5667490e-01 0.0000000e+00
4.9947400e-02 1.0000000e+00
0.0000000e+00 6.3154800e-01
7.0550360e-01 1.0000000e+00
1.0000000e+00 7.4831480e-01
6.9932680e-01 0.0000000e+00
1.0000000e+00 4.7588600e-01
0.0000000e+00 6.3897190e-01
1.0000000e+00 4.2624100e-01
1.0000000e+00 1.3085800e-02
1.9572730e-01 1.0000000e+00
0.0000000e+00 5.9817520e-01
0.0000000e+00 7.0301900e-02
1.0000000e+00 4.5620680e-01
5.9664260e-01 1.0000000e+00
2.1027700e-02 1.0000000e+00
6.5622300e-01 0.0000000e+00
4.1966430e-01 1.0000000e+00
1.1811450e-01 0.0000000e+00
8.7753400e-02 0.0000000e+00
0.0000000e+00 0.0000000e+00
0.0000000e+00 8.5403320e-01
0.0000000e+00 2.3017400e-01
1.0000000e+00 2.2629200e-02
9.4476020e-01 1.0000000e+00
1.0000000e+00 4.2360380e-01
1.0000000e+00 5.6075620e-01
4.4525720e-01 1.0000000e+00
8.2686090e-01 1.0000000e+00
8.7033990e-01 1.0000000e+00
5.1605090e-01 1.0000000e+00
6.0223710e-01 1.0000000e+00
9.9947810e-01 0.0000000e+00
5.6842820e-01 1.0000000e+00
0.0000000e+00 6.3737680e-01
8.8052380e-01 1.0000000e+00
1.0000000e+00 2.1238500e-02
9.9083900e-02 0.0000000e+00
1.0000000e+00 2.3036090e-01
1.0000000e+00 6.4438290e-01
0.0000000e+00 7.3597500e-01
1.0000000e+00 2.1394280e-01
0.0000000e+00 8.7240460e-01
8.1645500e-01 0.0000000e+00
1.8468670e-01 1.0000000e+00
1.0000000e+00 1.2822100e-02
0.0000000e+00 9.1893010e-01
0.0000000e+00 3.9930500e-01
1.0000000e+00 3.9354520e-01
2.6776060e-01 0.0000000e+00
0.0000000e+00 4.2667110e-01
1.5257750e-01 1.0000000e+00
4.2363780e-01 0.0000000e+00
0.0000000e+00 9.9299550e-01
6.6447860e-01 1.0000000e+00
0.0000000e+00 8.6811830e-01
0.0000000e+00 5.9464400e-02
1.0000000e+00 3.9759080e-01
9.6846920e-01 0.0000000e+00
4.7131030e-01 0.0000000e+00
1.7016710e-01 0.0000000e+00
2.1622850e-01 0.0000000e+00
2.3009770e-01 1.0000000e+00
1.0000000e+00 4.8612410e-01
8.3195820e-01 0.0000000e+00
4.8409980e-01 1.0000000e+00
6.6203620e-01 1.0000000e+00
1.0000000e+00 0.0000000e+00
0.0000000e+00 8.3901890e-01
0.0000000e+00 2.8208870e-01
0.0000000e+00 9.1340530e-01
1.0000000e+00 1.4580230e-01
0.0000000e+00 3.3155140e-01
9.3533860e-01 1.0000000e+00
1.0000000e+00 9.7489550e-01
4.9539750e-01 1.0000000e+00
0.0000000e+00 4.8504630e-01
9.3666410e-01 0.0000000e+00
0.0000000e+00 3.1952180e-01
7.1912000e-01 0.0000000e+00
1.0000000e+00 3.6735170e-01
0.0000000e+00 3.5903720e-01
3.2164790e-01 0.0000000e+00
2.5498070e-01 0.0000000e+00
1.0000000e+00 9.9512010e-01
2.9258100e-01 0.0000000e+00
9.4249020e-01 1.0000000e+00
0.0000000e+00 3.6858130e-01
6.5294760e-01 0.0000000e+00
5.7375890e-01 0.0000000e+00
0.0000000e+00 5.9002980e-01
7.5060400e-02 1.0000000e+00
3.8819700e-02 0.0000000e+00
1.0000000e+00 3.1253820e-01
7.5091870e-01 1.0000000e+00
0.0000000e+00 1.4268070e-01
3.9399500e-02 0.0000000e+00
8.1971020e-01 1.0000000e+00
1.0000000e+00 5.0975630e-01
2.6136570e-01 0.0000000e+00
5.3281080e-01 1.0000000e+00
7.8374400e-01 1.0000000e+00
1.0000000e+00 7.3771900e-02
8.5823570e-01 0.0000000e+00
0.0000000e+00 4.5792000e-02
3.3576090e-01 1.0000000e+00
1.0000000e+00 2.1869900e-01
1.0000000e+00 2.0901440e-01
0.0000000e+00 1.0000000e+00
1.0000000e+00 7.1775480e-01
1.0000000e+00 6.0934800e-01
9.0036220e-01 0.0000000e+00
8.4073490e-01 0.0000000e+00
1.0000000e+00 3.6524670e-01
1.0000000e+00 5.4417100e-02
1.0000000e+00 3.7341390e-01
1.0000000e+00 1.0000000e+00
0.0000000e+00 5.0868190e-01
0.0000000e+00 3.2115360e-01
0.0000000e+00 2.3346430e-01
0.0000000e+00 5.6362900e-02
