0.0000000e+00 0.0000000e+00
1.0000000e+00 0.0000000e+00
0.0000000e+00 1.0000000e+00
1.0000000e+00 1.0000000e+00
0.0000000e+00 8.9645320e-01
3.2838390e-01 0.0000000e+00
0.0000000e+00 8.4165240e-01
1.1661420e-01 0.0000000e+00
1.0000000e+00 9.8704380e-01
3.5038350e-01 1.0000000e+00
2.9616020e-01 1.0000000e+00
1.0000000e+00 1.0414590e-01
7.8851420e-01 0.0000000e+00
0.0000000e+00 2.2631170e-01
1.0000000e+00 4.6769330e-01
3.2933420e-01 1.0000000e+00
1.0000000e+00 2.8649950e-01
6.6740140e-01 0.0000000e+00
1.4103820e-01 1.0000000e+00
5.7055180e-01 0.0000000e+00
7.1526320e-01 0.0000000e+00
0.0000000e+00 9.4418920e-01
6.1479500e-02 1.0000000e+00
1.0000000e+00 9.3815310e-01
0.0000000e+00 7.3588860e-01
1.0000000e+00 6.3625990e-01
0.0000000e+00 9.8969920e-01
6.9540800e-02 1.0000000e+00
1.0000000e+00 5.1701530e-01
1.6634500e-01 0.0000000e+00
1.0000000e+00 2.3761010e-01
1.0000000e+00 2.3687580e-01
6.7521590e-01 1.0000000e+00
6.0209030e-01 0.0000000e+00
0.0000000e+00 4.6541900e-02
3.0223090e-01 0.0000000e+00
1.6334980e-01 0.0000000e+00
0.0000000e+00 5.3505310e-01
3.7417260e-01 1.0000000e+00
0.0000000e+00 6.6043400e-02
1.0000000e+00 3.9393400e-01
1.0000000e+00 8.8871300e-01
0.0000000e+00 5.6689300e-02
1.0000000e+00 3.2073900e-02
0.0000000e+00 3.8287090e-01
3.5000310e-01 0.0000000e+00
0.0000000e+00 7.9239310e-01
1.0000000e+00 5.3452560e-01
5.0795450e-01 0.0000000e+00
0.0000000e+00 9.1162640e-01
2.0747400e-01 1.0000000e+00
7.4121150e-01 1.0000000e+00
0.0000000e+00 1.1709370e-01
4.8942660e-01 1.0000000e+00
1.0000000e+00 4.1618430e-01
2.8359000e-03 1.0000000e+00
0.0000000e+00 4.8627380e-01
0.0000000e+00 8.0907170e-01
1.0000000e+00 3.3691590e-01
3.6307060e-01 1.0000000e+00
3.7294050e-01 1.0000000e+00
8.3590810e-01 0.0000000e+00
9.0533270e-01 1.0000000e+00
9.8501060e-01 0.0000000e+00
0.0000000e+00 4.1900870e-01
9.4015880e-01 1.0000000e+00
4.5219130e-01 0.0000000e+00
7.0894720e-01 1.0000000e+00
1.0000000e+00 8.5633610e-01
0.0000000e+00 7.5144680e-01
1.0000000e+00 8.1146100e-01
3.6826580e-01 0.0000000e+00
1.0000000e+00 6.7926390e-01
9.9587100e-02 1.0000000e+00
0.0000000e+00 7.1680100e-01
1.0000000e+00 5.0697450e-01
6.1243340e-01 0.0000000e+00
0.0000000e+00 4.5829200e-02
1.3934360e-01 0.0000000e+00
1.4754720e-01 0.0000000e+00
1.0000000e+00 8.9776430e-01
0.0000000e+00 6.8038560e-01
1.0000000e+00 2.5543190e-01
7.1562670e-01 1.0000000e+00
1.0000000e+00 7.1965800e-02
1.0000000e+00 9.6742300e-02
4.4654900e-02 0.0000000e+00
1.0000000e+00 4.1042380e-01
0.0000000e+00 9.0940550e-01
1.0000000e+00 2.2162030e-01
6.0105390e-01 0.0000000e+00
6.0132100e-01 0.0000000e+00
0.0000000e+00 5.1185390e-01
4.3956620e-01 0.0000000e+00
5.8962000e-01 0.0000000e+00
1.0000000e+00 1.5382820e-01
8.6439510e-01 1.0000000e+00
4.9929290e-01 0.0000000e+00
1.6314130e-01 1.0000000e+00
2.3471090e-01 0.0000000e+00
4.6057690e-01 0.0000000e+00
1.0000000e+00 6.9673060e-01
8.8342030e-01 1.0000000e+00
8.0105440e-01 0.0000000e+00
6.5882100e-02 1.0000000e+00
1.0162810e-01 1.0000000e+00
5.3062770e-01 1.0000000e+00
8.7904660e-01 1.0000000e+00
9.5542000e-02 1.0000000e+00
8.9244120e-01 0.0000000e+00
9.4262250e-01 1.0000000e+00
7.9790750e-01 1.0000000e+00
0.0000000e+00 5.9061280e-01
0.0000000e+00 8.6686320e-01
7.7866460e-01 1.0000000e+00
6.0889690e-01 1.0000000e+00
0.0000000e+00 7.6732700e-01
1.6092100e-01 1.0000000e+00
1.0000000e+00 8.6319390e-01
4.0080790e-01 0.0000000e+00
1.0000000e+00 7.4568920e-01
9.0553690e-01 0.0000000e+00
7.8619030e-01 1.0000000e+00
1.0000000e+00 5.0111390e-01
1.0000000e+00 9.4451430e-01
1.2519220e-01 1.0000000e+00
6.8655150e-01 1.0000000e+00
5.2555320e-01 1.0000000e+00
