0.0000000e+00 0.0000000e+00
1.0000000e+00 0.0000000e+00
0.0000000e+00 1.0000000e+00
1.0000000e+00 1.0000000e+00
3.3971130e-01 1.0000000e+00
0.0000000e+00 1.6502180e-01
0.0000000e+00 8.6318680e-01
0.0000000e+00 6.3697430e-01
2.3787520e-01 1.0000000e+00
9.3944850e-01 1.0000000e+00
7.8596790e-01 0.0000000e+00
1.0000000e+00 1.6778700e-02
3.1333200e-01 0.0000000e+00
3.5942510e-01 0.0000000e+00
1.0000000e+00 3.9452250e-01
3.1832660e-01 0.0000000e+00
0.0000000e+00 3.2576620e-01
3.5328360e-01 0.0000000e+00
9.7450180e-01 0.0000000e+00
0.0000000e+00 1.1663450e-01
0.0000000e+00 3.5586010e-01
9.0998320e-01 1.0000000e+00
0.0000000e+00 5.4368760e-01
0.0000000e+00 9.1188220e-01
0.0000000e+00 8.5296660e-01
0.0000000e+00 7.8898270e-01
1.6744040e-01 0.0000000e+00
1.0000000e+00 8.1436020e-01
4.3639810e-01 0.0000000e+00
8.8540010e-01 1.0000000e+00
0.0000000e+00 3.7326480e-01
7.2138070e-01 1.0000000e+00
6.2003040e-01 1.0000000e+00
7.2736640e-01 1.0000000e+00
1.0000000e+00 1.2027000e-03
1.0000000e+00 5.3792530e-01
8.1082850e-01 0.0000000e+00
8.6413500e-01 1.0000000e+00
8.9492670e-01 0.0000000e+00
5.8835030e-01 1.0000000e+00
6.8879120e-01 1.0000000e+00
1.0000000e+00 4.3662020e-01
8.3899270e-01 0.0000000e+00
1.0000000e+00 9.4605850e-01
1.0000000e+00 9.8629210e-01
1.0000000e+00 8.4591200e-02
8.3202130e-01 1.0000000e+00
0.0000000e+00 3.9749140e-01
8.6788630e-01 0.0000000e+00
0.0000000e+00 4.7255600e-01
5.1358410e-01 1.0000000e+00
0.0000000e+00 6.0437260e-01
0.0000000e+00 1.5131200e-02
1.0000000e+00 4.6834720e-01
0.0000000e+00 8.5874000e-02
1.0000000e+00 2.6060260e-01
7.5201330e-01 0.0000000e+00
0.0000000e+00 9.3541460e-01
0.0000000e+00 1.3855610e-01
1.0000000e+00 9.7034850e-01
1.0000000e+00 1.7435590e-01
6.6079870e-01 0.0000000e+00
1.0000000e+00 3.9456700e-01
1.0000000e+00 6.5380000e-02
0.0000000e+00 6.0255470e-01
5.2016250e-01 0.0000000e+00
1.0000000e+00 7.4689380e-01
7.1640910e-01 1.0000000e+00
8.8394960e-01 1.0000000e+00
9.1236760e-01 1.0000000e+00
7.1313940e-01 1.0000000e+00
1.0000000e+00 6.5427000e-02
0.0000000e+00 3.8299800e-01
3.2449910e-01 0.0000000e+00
8.4849000e-01 0.0000000e+00
3.6829490e-01 0.0000000e+00
1.3928100e-01 1.0000000e+00
0.0000000e+00 1.0648900e-01
0.0000000e+00 6.0605300e-01
0.0000000e+00 9.1656050e-01
1.0000000e+00 4.3220160e-01
0.0000000e+00 5.9907470e-01
0.0000000e+00 9.0476410e-01
1.0000000e+00 1.6927930e-01
1.8312240e-01 1.0000000e+00
1.0000000e+00 5.3559700e-02
8.4301270e-01 1.0000000e+00
4.0921780e-01 0.0000000e+00
0.0000000e+00 2.0963390e-01
8.4603400e-02 1.0000000e+00
1.0000000e+00 8.2051710e-01
1.0000000e+00 7.2123610e-01
5.6026330e-01 0.0000000e+00
5.4591390e-01 0.0000000e+00
1.0000000e+00 5.1299090e-01
9.9219100e-01 0.0000000e+00
2.6442120e-01 1.0000000e+00
0.0000000e+00 1.6610010e-01
4.0702730e-01 0.0000000e+00
1.0000000e+00 4.5251820e-01
2.0934490e-01 1.0000000e+00
1.0000000e+00 1.8548870e-01
0.0000000e+00 2.3189550e-01
6.7696400e-02 1.0000000e+00
1.8875110e-01 0.0000000e+00
1.0000000e+00 8.3652130e-01
9.0552530e-01 0.0000000e+00
4.1966000e-02 0.0000000e+00
5.5627970e-01 0.0000000e+00
4.5514350e-01 1.0000000e+00
1.0000000e+00 5.3756960e-01
1.0000000e+00 7.0248720e-01
4.5846280e-01 0.0000000e+00
0.0000000e+00 2.5633980e-01
1.0000000e+00 9.8552970e-01
4.4286080e-01 1.0000000e+00
1.0000000e+00 4.7626210e-01
3.5438440e-01 1.0000000e+00
6.1669300e-01 1.0000000e+00
1.0000000e+00 7.7386740e-01
1.1941020e-01 0.0000000e+00
0.0000000e+00 7.8807140e-01
8.3087500e-01 0.0000000e+00
6.0371840e-01 0.0000000e+00
1.1796800e-02 1.0000000e+00
2.7591670e-01 1.0000000e+00
0.0000000e+00 3.5767230e-01
0.0000000e+00 7.8964310e-01
