0.0000000e+00 0.0000000e+00
1.0000000e+00 0.0000000e+00
0.0000000e+00 1.0000000e+00
1.0000000e+00 1.0000000e+00
1.0000000e+00 2.0736330e-01
1.0000000e+00 8.4719500e-02
0.0000000e+00 2.4354370e-01
1.1375250e-01 0.0000000e+00
6.1554900e-02 1.0000000e+00
1.0000000e+00 6.2586440e-01
8.4064130e-01 1.0000000e+00
1.0000000e+00 4.5768590e-01
6.9029510e-01 0.0000000e+00
0.0000000e+00 4.0587240e-01
9.8583200e-01 1.0000000e+00
1.0000000e+00 3.9077540e-01
3.2060460e-01 1.0000000e+00
0.0000000e+00 7.1892510e-01
7.3215490e-01 0.0000000e+00
0.0000000e+00 9.8499420e-01
7.8748690e-01 0.0000000e+00
1.6386670e-01 0.0000000e+00
0.0000000e+00 7.6651630e-01
7.6144200e-01 0.0000000e+00
1.0000000e+00 4.4551010e-01
8.8125100e-02 0.0000000e+00
0.0000000e+00 7.3605770e-01
5.0932910e-01 1.0000000e+00
0.0000000e+00 4.4787390e-01
7.1740760e-01 0.0000000e+00
1.0000000e+00 7.7709070e-01
2.0187680e-01 1.0000000e+00
3.2556100e-01 1.0000000e+00
1.0000000e+00 1.1799570e-01
0.0000000e+00 7.4871120e-01
7.1811910e-01 0.0000000e+00
7.6883770e-01 1.0000000e+00
0.0000000e+00 2.1748890e-01
1.3501540e-01 0.0000000e+00
0.0000000e+00 8.7003420e-01
0.0000000e+00 6.8736210e-01
3.0686770e-01 1.0000000e+00
7.3062890e-01 1.0000000e+00
7.2334430e-01 0.0000000e+00
2.5335770e-01 1.0000000e+00
8.2702100e-01 0.0000000e+00
1.0000000e+00 8.2937400e-02
2.1305670e-01 1.0000000e+00
9.9288990e-01 1.0000000e+00
7.5645570e-01 0.0000000e+00
0.0000000e+00 7.8020110e-01
6.4185790e-01 0.0000000e+00
0.0000000e+00 8.2561940e-01
1.0000000e+00 2.0926920e-01
0.0000000e+00 1.3777840e-01
5.6072340e-01 0.0000000e+00
0.0000000e+00 7.9471850e-01
0.0000000e+00 9.0348230e-01
3.2095450e-01 0.0000000e+00
2.4188380e-01 1.0000000e+00
1.0000000e+00 6.2299290e-01
1.0000000e+00 5.8781110e-01
4.3390700e-01 1.0000000e+00
7.0045000e-03 0.0000000e+00
3.4405620e-01 1.0000000e+00
8.9973650e-01 0.0000000e+00
2.4167350e-01 1.0000000e+00
0.0000000e+00 3.5485850e-01
0.0000000e+00 9.1361330e-01
9.2994020e-01 0.0000000e+00
5.4781020e-01 1.0000000e+00
1.0000000e+00 2.7128860e-01
0.0000000e+00 3.8276300e-01
4.2046430e-01 0.0000000e+00
9.3997890e-01 0.0000000e+00
1.0000000e+00 9.1267640e-01
2.5744900e-02 0.0000000e+00
1.0000000e+00 4.6172650e-01
1.0000000e+00 4.7053090e-01
0.0000000e+00 9.5920300e-02
0.0000000e+00 2.1123400e-01
1.0000000e+00 1.4487680e-01
6.2903200e-02 1.0000000e+00
0.0000000e+00 9.3087640e-01
7.3108360e-01 1.0000000e+00
1.0000000e+00 4.4242220e-01
1.0000000e+00 1.8121130e-01
4.8355930e-01 0.0000000e+00
4.0341890e-01 1.0000000e+00
4.0992360e-01 0.0000000e+00
0.0000000e+00 6.0516900e-01
1.0000000e+00 3.1187720e-01
0.0000000e+00 2.4129440e-01
2.6545010e-01 0.0000000e+00
1.0000000e+00 8.8720170e-01
9.7787300e-01 1.0000000e+00
0.0000000e+00 2.9370710e-01
7.1528400e-01 1.0000000e+00
1.0000000e+00 7.5684530e-01
1.0000000e+00 9.5601550e-01
2.5344530e-01 1.0000000e+00
2.9279800e-02 0.0000000e+00
5.2341580e-01 1.0000000e+00
1.0000000e+00 7.1214430e-01
4.8720770e-01 0.0000000e+00
1.0000000e+00 7.0883520e-01
2.1953380e-01 1.0000000e+00
0.0000000e+00 5.7004530e-01
8.0136930e-01 0.0000000e+00
5.5498380e-01 0.0000000e+00
1.0000000e+00 6.4414570e-01
6.9041990e-01 1.0000000e+00
0.0000000e+00 9.2264670e-01
9.2616550e-01 1.0000000e+00
6.2141530e-01 1.0000000e+00
1.8930790e-01 1.0000000e+00
1.0000000e+00 2.1900820e-01
1.0000000e+00 6.3575050e-01
0.0000000e+00 6.0671460e-01
4.1401910e-01 1.0000000e+00
5.0183600e-01 0.0000000e+00
1.0000000e+00 1.7608070e-01
1.1024820e-01 0.0000000e+00
9.6345280e-01 1.0000000e+00
1.0000000e+00 7.7230760e-01
3.1486560e-01 1.0000000e+00
1.0000000e+00 2.5440220e-01
0.0000000e+00 5.1947310e-01
