0.0000000e+00 0.0000000e+00
1.0000000e+00 0.0000000e+00
0.0000000e+00 1.0000000e+00
1.0000000e+00 1.0000000e+00
8.2759470e-01 1.0000000e+00
6.4937530e-01 1.0000000e+00
9.7949960e-01 0.0000000e+00
1.4440880e-01 0.0000000e+00
1.4135600e-02 0.0000000e+00
0.0000000e+00 3.0477760e-01
5.6839210e-01 1.0000000e+00
2.7526240e-01 1.0000000e+00
1.0000000e+00 9.9006510e-01
0.0000000e+00 1.6203800e-02
4.8572830e-01 1.0000000e+00
5.0651070e-01 1.0000000e+00
9.3412740e-01 1.0000000e+00
4.0531110e-01 0.0000000e+00
0.0000000e+00 9.1957410e-01
0.0000000e+00 6.6409290e-01
1.0000000e+00 4.0065150e-01
8.4017820e-01 1.0000000e+00
7.3982100e-01 1.0000000e+00
1.0000000e+00 1.4370600e-01
1.0000000e+00 5.9877900e-02
4.2154970e-01 1.0000000e+00
1.0000000e+00 8.0269440e-01
6.1216110e-01 1.0000000e+00
6.0573300e-01 0.0000000e+00
4.5229010e-01 0.0000000e+00
9.1017880e-01 0.0000000e+00
2.7379610e-01 1.0000000e+00
0.0000000e+00 2.0176030e-01
2.5912680e-01 1.0000000e+00
9.6699070e-01 0.0000000e+00
2.1086900e-01 1.0000000e+00
1.3500050e-01 1.0000000e+00
1.0000000e+00 2.3799260e-01
8.5035060e-01 1.0000000e+00
1.0000000e+00 5.1498260e-01
1.4891390e-01 0.0000000e+00
9.0758010e-01 1.0000000e+00
5.3470290e-01 1.0000000e+00
8.5633680e-01 1.0000000e+00
0.0000000e+00 9.6733530e-01
1.0000000e+00 9.4733230e-01
1.0000000e+00 8.6577050e-01
0.0000000e+00 8.3586100e-02
1.4254890e-01 1.0000000e+00
5.8474490e-01 0.0000000e+00
1.3051640e-01 0.0000000e+00
2.1195060e-01 1.0000000e+00
1.0000000e+00 5.3355180e-01
0.0000000e+00 8.4845200e-02
4.3261770e-01 1.0000000e+00
7.2700540e-01 0.0000000e+00
0.0000000e+00 8.7492080e-01
8.3818160e-01 1.0000000e+00
8.8182270e-01 1.0000000e+00
8.9184700e-02 1.0000000e+00
9.1093520e-01 0.0000000e+00
9.6309690e-01 0.0000000e+00
1.0000000e+00 2.5076720e-01
8.7798060e-01 1.0000000e+00
5.2708290e-01 1.0000000e+00
7.3606460e-01 1.0000000e+00
1.6835730e-01 0.0000000e+00
4.4627200e-02 0.0000000e+00
1.0000000e+00 9.7446730e-01
1.0561260e-01 0.0000000e+00
0.0000000e+00 6.1495920e-01
1.0000000e+00 4.8142480e-01
8.5662830e-01 1.0000000e+00
0.0000000e+00 5.1942520e-01
1.3106780e-01 1.0000000e+00
0.0000000e+00 8.5942170e-01
1.0552360e-01 0.0000000e+00
4.1991140e-01 0.0000000e+00
2.3739920e-01 1.0000000e+00
6.3805870e-01 0.0000000e+00
5.1972650e-01 1.0000000e+00
1.0000000e+00 5.0348640e-01
2.8001080e-01 1.0000000e+00
9.5980100e-02 0.0000000e+00
4.5978010e-01 0.0000000e+00
1.0282430e-01 0.0000000e+00
2.7079120e-01 1.0000000e+00
5.1443270e-01 1.0000000e+00
7.7618060e-01 1.0000000e+00
1.0000000e+00 2.9220650e-01
1.0000000e+00 1.0800920e-01
1.0000000e+00 8.6492670e-01
0.0000000e+00 2.3398300e-02
1.2905620e-01 1.0000000e+00
9.8542780e-01 0.0000000e+00
0.0000000e+00 6.5408340e-01
1.0000000e+00 8.8452690e-01
0.0000000e+00 4.6906620e-01
0.0000000e+00 9.7504190e-01
6.0394250e-01 1.0000000e+00
9.0121170e-01 1.0000000e+00
8.0768890e-01 0.0000000e+00
7.7611800e-02 0.0000000e+00
0.0000000e+00 7.3987100e-02
1.0000000e+00 3.7296500e-02
1.0000000e+00 8.6901970e-01
4.6501760e-01 0.0000000e+00
6.2339100e-02 1.0000000e+00
2.6553750e-01 0.0000000e+00
6.8851140e-01 0.0000000e+00
0.0000000e+00 8.0213000e-03
2.3114620e-01 0.0000000e+00
0.0000000e+00 2.8603660e-01
0.0000000e+00 6.8935440e-01
0.0000000e+00 7.8561450e-01
0.0000000e+00 9.2601240e-01
0.0000000e+00 2.8969020e-01
0.0000000e+00 3.6349310e-01
0.0000000e+00 8.6609100e-01
0.0000000e+00 3.2976310e-01
4.6827600e-01 1.0000000e+00
1.0000000e+00 8.8041150e-01
0.0000000e+00 5.6308410e-01
4.2819840e-01 1.0000000e+00
0.0000000e+00 1.8574270e-01
2.9526150e-01 0.0000000e+00
0.0000000e+00 4.3386290e-01
0.0000000e+00 1.4264950e-01
