1.0000000e+00 8.6388560e-01
6.1575830e-01 0.0000000e+00
5.8307420e-01 1.0000000e+00
1.0000000e+00 3.8097510e-01
9.5642540e-01 0.0000000e+00
3.9329360e-01 1.0000000e+00
0.0000000e+00 1.2859730e-01
1.0000000e+00 1.1175260e-01
0.0000000e+00 9.2813030e-01
6.6002890e-01 1.0000000e+00
1.0000000e+00 7.4263440e-01
3.9277330e-01 1.0000000e+00
7.1373760e-01 1.0000000e+00
9.3728130e-01 0.0000000e+00
0.0000000e+00 3.4168020e-01
5.1909510e-01 1.0000000e+00
5.7162300e-01 1.0000000e+00
8.5235400e-02 1.0000000e+00
0.0000000e+00 2.4877170e-01
6.5464730e-01 0.0000000e+00
0.0000000e+00 9.1942470e-01
1.0000000e+00 4.8570500e-01
4.1616120e-01 1.0000000e+00
6.4707010e-01 1.0000000e+00
6.3373390e-01 1.0000000e+00
3.9873850e-01 0.0000000e+00
0.0000000e+00 0.0000000e+00
5.8063240e-01 0.0000000e+00
1.0000000e+00 7.4771000e-02
0.0000000e+00 7.5764510e-01
2.1702740e-01 0.0000000e+00
2.6368570e-01 0.0000000e+00
6.5120990e-01 1.0000000e+00
9.3891040e-01 0.0000000e+00
5.1874640e-01 1.0000000e+00
1.0000000e+00 9.2252880e-01
4.9285780e-01 0.0000000e+00
0.0000000e+00 2.5490430e-01
1.1869540e-01 0.0000000e+00
5.0030730e-01 0.0000000e+00
8.5024140e-01 1.0000000e+00
0.0000000e+00 1.0696240e-01
1.0000000e+00 4.9778380e-01
7.5352290e-01 0.0000000e+00
0.0000000e+00 5.0721030e-01
1.0000000e+00 6.9016960e-01
8.6059700e-01 0.0000000e+00
1.0000000e+00 1.4084830e-01
0.0000000e+00 5.9401080e-01
0.0000000e+00 6.6162480e-01
3.2753500e-01 1.0000000e+00
7.0983340e-01 1.0000000e+00
9.5211420e-01 1.0000000e+00
2.1742290e-01 1.0000000e+00
7.1519390e-01 1.0000000e+00
7.8158070e-01 0.0000000e+00
1.0000000e+00 3.6017920e-01
0.0000000e+00 7.3510900e-02
0.0000000e+00 7.0311570e-01
1.0000000e+00 2.5457900e-01
9.7273860e-01 1.0000000e+00
6.3658900e-02 0.0000000e+00
0.0000000e+00 2.2894290e-01
5.8062190e-01 0.0000000e+00
4.9753900e-01 1.0000000e+00
1.0000000e+00 9.9422140e-01
6.8226340e-01 0.0000000e+00
1.0000000e+00 9.7294850e-01
1.6086370e-01 1.0000000e+00
1.3898630e-01 1.0000000e+00
9.3928120e-01 0.0000000e+00
1.0000000e+00 0.0000000e+00
0.0000000e+00 3.2595760e-01
0.0000000e+00 9.7682800e-01
0.0000000e+00 6.8974530e-01
2.4510280e-01 0.0000000e+00
8.0424650e-01 1.0000000e+00
1.0000000e+00 1.6487820e-01
2.8631200e-01 0.0000000e+00
0.0000000e+00 4.0925290e-01
3.1471570e-01 1.0000000e+00
1.0000000e+00 5.4649970e-01
5.1713760e-01 0.0000000e+00
2.6747310e-01 0.0000000e+00
5.0836310e-01 1.0000000e+00
0.0000000e+00 5.8399900e-01
0.0000000e+00 5.9976560e-01
9.7386460e-01 0.0000000e+00
7.7954750e-01 1.0000000e+00
5.8808930e-01 0.0000000e+00
6.9677870e-01 1.0000000e+00
9.7643850e-01 0.0000000e+00
3.5632960e-01 0.0000000e+00
1.0000000e+00 9.5466980e-01
1.0000000e+00 4.7343730e-01
9.2156120e-01 0.0000000e+00
1.9281220e-01 0.0000000e+00
0.0000000e+00 2.7183040e-01
1.0000000e+00 9.5948040e-01
1.0000000e+00 1.7288840e-01
2.1296440e-01 0.0000000e+00
8.7945460e-01 0.0000000e+00
5.2324490e-01 1.0000000e+00
9.9664390e-01 1.0000000e+00
0.0000000e+00 2.8012560e-01
0.0000000e+00 9.3424470e-01
1.1018890e-01 0.0000000e+00
5.7607500e-02 0.0000000e+00
3.6900510e-01 1.0000000e+00
0.0000000e+00 9.4081930e-01
0.0000000e+00 1.5480400e-02
9.2187540e-01 0.0000000e+00
0.0000000e+00 8.4432310e-01
0.0000000e+00 9.7056910e-01
4.2383850e-01 1.0000000e+00
0.0000000e+00 8.3789160e-01
0.0000000e+00 1.0000000e+00
6.9125610e-01 1.0000000e+00
1.0000000e+00 3.8959880e-01
0.0000000e+00 4.5265140e-01
1.0000000e+00 8.1857200e-02
7.7759570e-01 0.0000000e+00
0.0000000e+00 7.3231790e-01
1.0000000e+00 1.0000000e+00
7.7664360e-01 1.0000000e+00
4.5566500e-01 0.0000000e+00
1.0000000e+00 1.5162520e-01
4.1832090e-01 1.0000000e+00
