0.0000000e+00 0.0000000e+00
1.0000000e+00 0.0000000e+00
0.0000000e+00 1.0000000e+00
1.0000000e+00 1.0000000e+00
0.0000000e+00 2.4505900e-01
4.8850540e-01 1.0000000e+00
1.0000000e+00 3.2634410e-01
0.0000000e+00 3.0326640e-01
3.7224750e-01 1.0000000e+00
8.9170720e-01 0.0000000e+00
6.8229660e-01 1.0000000e+00
3.4921390e-01 0.0000000e+00
1.4706050e-01 1.0000000e+00
1.0000000e+00 8.6285550e-01
4.2326420e-01 1.0000000e+00
1.0000000e+00 8.3784630e-01
1.0000000e+00 6.3396990e-01
1.0000000e+00 1.1246100e-01
1.5159390e-01 1.0000000e+00
9.9738890e-01 0.0000000e+00
0.0000000e+00 1.5148300e-01
0.0000000e+00 8.6468870e-01
1.0000000e+00 1.7483220e-01
0.0000000e+00 9.3191110e-01
5.9621100e-02 1.0000000e+00
1.0000000e+00 3.7229800e-02
2.8391050e-01 0.0000000e+00
8.1583310e-01 1.0000000e+00
0.0000000e+00 3.2915850e-01
2.2103360e-01 0.0000000e+00
5.0353970e-01 0.0000000e+00
6.2609520e-01 1.0000000e+00
1.0000000e+00 1.4614700e-01
9.0157020e-01 0.0000000e+00
1.0000000e+00 1.7903690e-01
5.6099600e-01 1.0000000e+00
1.0000000e+00 5.1070690e-01
0.0000000e+00 1.7341580e-01
5.7959300e-02 1.0000000e+00
0.0000000e+00 7.1101260e-01
4.9083260e-01 0.0000000e+00
2.5122590e-01 1.0000000e+00
0.0000000e+00 5.3375020e-01
1.0000000e+00 4.8979100e-01
5.7336500e-02 0.0000000e+00
8.7358500e-01 1.0000000e+00
8.0082900e-01 0.0000000e+00
9.0403710e-01 0.0000000e+00
7.7204850e-01 1.0000000e+00
6.6827720e-01 0.0000000e+00
0.0000000e+00 8.5664000e-02
1.0000000e+00 5.6956240e-01
1.0000000e+00 2.1258610e-01
0.0000000e+00 3.4275060e-01
0.0000000e+00 3.7048860e-01
1.0000000e+00 5.5344140e-01
1.5799250e-01 0.0000000e+00
0.0000000e+00 9.9527160e-01
6.0202790e-01 0.0000000e+00
6.6714050e-01 0.0000000e+00
0.0000000e+00 1.4711150e-01
0.0000000e+00 9.1364510e-01
9.7581910e-01 1.0000000e+00
2.3090830e-01 0.0000000e+00
2.7259700e-01 1.0000000e+00
1.0000000e+00 9.6857140e-01
1.0000000e+00 9.7291510e-01
1.0000000e+00 8.6856540e-01
7.0099430e-01 1.0000000e+00
8.1603860e-01 0.0000000e+00
5.0389670e-01 0.0000000e+00
0.0000000e+00 4.6768700e-01
1.2209470e-01 1.0000000e+00
1.3900400e-02 1.0000000e+00
1.0000000e+00 2.5794520e-01
8.2006160e-01 0.0000000e+00
5.9690700e-01 1.0000000e+00
3.2409060e-01 1.0000000e+00
0.0000000e+00 1.8489300e-02
1.0000000e+00 6.7289090e-01
5.9593990e-01 0.0000000e+00
9.9838720e-01 0.0000000e+00
1.0000000e+00 1.2192100e-02
2.7533080e-01 1.0000000e+00
3.1439730e-01 0.0000000e+00
4.4302450e-01 0.0000000e+00
0.0000000e+00 7.9637040e-01
6.3859730e-01 1.0000000e+00
7.7804360e-01 0.0000000e+00
9.5254640e-01 0.0000000e+00
8.3201390e-01 1.0000000e+00
0.0000000e+00 2.7809980e-01
5.8424530e-01 0.0000000e+00
6.7644260e-01 1.0000000e+00
0.0000000e+00 2.5534060e-01
1.0000000e+00 9.8308800e-02
0.0000000e+00 4.5290120e-01
1.0000000e+00 6.6348550e-01
1.0000000e+00 1.3393270e-01
0.0000000e+00 1.5869310e-01
4.3308720e-01 0.0000000e+00
0.0000000e+00 3.8107720e-01
2.7829440e-01 1.0000000e+00
0.0000000e+00 9.7958910e-01
1.0000000e+00 3.3623800e-01
0.0000000e+00 8.7658540e-01
5.8463730e-01 0.0000000e+00
9.6408090e-01 0.0000000e+00
1.0000000e+00 7.4716930e-01
2.9455640e-01 0.0000000e+00
0.0000000e+00 3.6298200e-02
8.0554980e-01 1.0000000e+00
5.4103800e-01 1.0000000e+00
1.0769970e-01 1.0000000e+00
9.9622850e-01 0.0000000e+00
0.0000000e+00 8.8241040e-01
8.4288960e-01 1.0000000e+00
1.0000000e+00 1.1790520e-01
0.0000000e+00 1.6041320e-01
0.0000000e+00 7.7503260e-01
2.2633730e-01 0.0000000e+00
0.0000000e+00 5.9349910e-01
6.4453600e-01 0.0000000e+00
9.1845100e-01 0.0000000e+00
3.9081390e-01 0.0000000e+00
7.1582530e-01 0.0000000e+00
2.6341140e-01 0.0000000e+00
1.0000000e+00 4.0383160e-01
