1.0000000e+00 2.7106000e-02
7.8999530e-01 0.0000000e+00
9.2290210e-01 0.0000000e+00
1.0000000e+00 5.7239130e-01
6.6324710e-01 1.0000000e+00
5.9039920e-01 0.0000000e+00
5.3094460e-01 1.0000000e+00
8.8302650e-01 1.0000000e+00
1.0000000e+00 1.8832170e-01
0.0000000e+00 5.3208500e-01
0.0000000e+00 7.7627920e-01
1.8317880e-01 0.0000000e+00
1.0000000e+00 7.4969830e-01
0.0000000e+00 7.3966570e-01
5.7648550e-01 0.0000000e+00
0.0000000e+00 5.9691520e-01
0.0000000e+00 3.5844440e-01
1.0000000e+00 5.9576360e-01
0.0000000e+00 1.1005410e-01
3.6138400e-02 0.0000000e+00
0.0000000e+00 0.0000000e+00
0.0000000e+00 8.8241480e-01
1.0000000e+00 5.8855510e-01
8.5328430e-01 1.0000000e+00
9.4723810e-01 1.0000000e+00
7.8029110e-01 1.0000000e+00
1.3644990e-01 1.0000000e+00
1.0000000e+00 2.1881590e-01
6.1776600e-02 1.0000000e+00
0.0000000e+00 1.9916650e-01
8.2276590e-01 0.0000000e+00
0.0000000e+00 4.1556590e-01
1.0000000e+00 4.7059200e-02
1.0072560e-01 0.0000000e+00
1.0000000e+00 8.0157850e-01
1.0000000e+00 9.5321760e-01
1.0000000e+00 3.5750270e-01
1.0000000e+00 5.3036100e-01
5.9870430e-01 1.0000000e+00
1.0000000e+00 5.2464280e-01
0.0000000e+00 7.3067100e-02
1.8498300e-01 1.0000000e+00
9.5421720e-01 0.0000000e+00
4.4776100e-02 0.0000000e+00
4.1741120e-01 0.0000000e+00
7.7956490e-01 0.0000000e+00
8.8176600e-02 1.0000000e+00
1.5301640e-01 1.0000000e+00
8.7260120e-01 1.0000000e+00
4.4873300e-02 0.0000000e+00
6.6590060e-01 0.0000000e+00
3.1598900e-01 1.0000000e+00
0.0000000e+00 9.3568230e-01
3.7357210e-01 1.0000000e+00
1.0000000e+00 1.5148300e-01
1.0000000e+00 4.6320870e-01
4.4993060e-01 0.0000000e+00
1.8886590e-01 1.0000000e+00
1.0000000e+00 3.2482520e-01
1.0000000e+00 8.4478040e-01
1.0000000e+00 3.9596410e-01
4.0043250e-01 0.0000000e+00
1.0000000e+00 0.0000000e+00
1.0000000e+00 4.6575490e-01
1.0000000e+00 1.7762400e-01
1.0000000e+00 4.3711700e-01
8.5352750e-01 0.0000000e+00
5.5068900e-01 1.0000000e+00
9.2123690e-01 1.0000000e+00
1.0000000e+00 5.5647570e-01
1.0000000e+00 7.6027890e-01
6.0648420e-01 0.0000000e+00
4.4701320e-01 1.0000000e+00
2.5809720e-01 1.0000000e+00
0.0000000e+00 3.0524140e-01
0.0000000e+00 2.0807400e-01
7.6456020e-01 1.0000000e+00
5.9771260e-01 0.0000000e+00
7.8646680e-01 0.0000000e+00
2.5455320e-01 0.0000000e+00
0.0000000e+00 6.9633420e-01
0.0000000e+00 7.3680330e-01
1.0000000e+00 1.5768710e-01
9.2559000e-01 1.0000000e+00
1.0000000e+00 6.8428000e-03
8.3672720e-01 0.0000000e+00
1.0000000e+00 7.3961090e-01
1.0000000e+00 7.7824180e-01
3.9963780e-01 1.0000000e+00
3.3245510e-01 1.0000000e+00
5.3297880e-01 0.0000000e+00
8.9118300e-01 0.0000000e+00
8.4568260e-01 0.0000000e+00
0.0000000e+00 2.2797080e-01
1.8579930e-01 1.0000000e+00
1.6719200e-02 0.0000000e+00
9.9089100e-02 0.0000000e+00
7.6990360e-01 1.0000000e+00
0.0000000e+00 3.7421130e-01
0.0000000e+00 5.1576130e-01
5.4599870e-01 0.0000000e+00
8.0050500e-02 0.0000000e+00
0.0000000e+00 8.9139920e-01
8.4931530e-01 0.0000000e+00
1.0000000e+00 8.9999400e-01
1.0902020e-01 1.0000000e+00
1.0000000e+00 3.0934290e-01
0.0000000e+00 5.6240940e-01
6.8438600e-01 0.0000000e+00
0.0000000e+00 1.0000000e+00
0.0000000e+00 9.4230100e-01
0.0000000e+00 9.9636530e-01
1.0000000e+00 7.1676060e-01
6.3097080e-01 1.0000000e+00
6.0221170e-01 1.0000000e+00
1.2580550e-01 0.0000000e+00
1.0000000e+00 4.6732160e-01
1.0000000e+00 6.6986950e-01
8.0616940e-01 0.0000000e+00
8.4022240e-01 0.0000000e+00
1.0000000e+00 3.4453870e-01
0.0000000e+00 7.3075090e-01
6.2728800e-02 1.0000000e+00
1.0000000e+00 1.0000000e+00
5.3434710e-01 0.0000000e+00
0.0000000e+00 7.9343550e-01
7.5409870e-01 0.0000000e+00
2.4895480e-01 0.0000000e+00
