8.7701290e-01 1.0000000e+00
1.0000000e+00 8.2125070e-01
2.8696410e-01 1.0000000e+00
5.5135530e-01 1.0000000e+00
1.0000000e+00 9.6433400e-01
0.0000000e+00 3.3668520e-01
2.9642870e-01 1.0000000e+00
9.5794100e-02 0.0000000e+00
1.8025570e-01 0.0000000e+00
0.0000000e+00 1.6951270e-01
0.0000000e+00 4.4595090e-01
5.8214470e-01 1.0000000e+00
0.0000000e+00 5.2595710e-01
6.8375310e-01 1.0000000e+00
2.0593070e-01 1.0000000e+00
1.0000000e+00 9.4695150e-01
8.0862810e-01 1.0000000e+00
8.4146650e-01 1.0000000e+00
1.5839280e-01 1.0000000e+00
1.9356680e-01 0.0000000e+00
4.1098370e-01 0.0000000e+00
9.5721520e-01 0.0000000e+00
9.5297830e-01 1.0000000e+00
2.7460450e-01 1.0000000e+00
6.6072500e-01 1.0000000e+00
0.0000000e+00 3.0027770e-01
0.0000000e+00 6.9705910e-01
5.7342110e-01 1.0000000e+00
0.0000000e+00 5.5885000e-03
1.0000000e+00 1.2822880e-01
0.0000000e+00 0.0000000e+00
1.0000000e+00 3.7854300e-01
9.1337300e-02 1.0000000e+00
0.0000000e+00 4.0506170e-01
0.0000000e+00 1.7862860e-01
3.2872100e-01 0.0000000e+00
1.0000000e+00 1.1847900e-02
4.1029100e-01 1.0000000e+00
1.0000000e+00 3.0658210e-01
0.0000000e+00 6.0124650e-01
7.0763440e-01 0.0000000e+00
5.9455520e-01 1.0000000e+00
0.0000000e+00 4.4299100e-02
6.3319920e-01 0.0000000e+00
1.7130600e-01 1.0000000e+00
4.4668840e-01 1.0000000e+00
1.0000000e+00 6.3024570e-01
0.0000000e+00 1.3447200e-01
9.7077810e-01 0.0000000e+00
1.0000000e+00 1.9403760e-01
1.9343360e-01 1.0000000e+00
4.6541220e-01 1.0000000e+00
0.0000000e+00 7.9604750e-01
9.7442380e-01 0.0000000e+00
1.0000000e+00 3.6967110e-01
0.0000000e+00 7.2964190e-01
0.0000000e+00 6.6378920e-01
7.4456290e-01 1.0000000e+00
6.6788500e-02 0.0000000e+00
9.0127580e-01 1.0000000e+00
5.8607600e-01 1.0000000e+00
1.0000000e+00 7.7231730e-01
0.0000000e+00 3.8482350e-01
0.0000000e+00 2.5210940e-01
1.0000000e+00 9.8059230e-01
6.1955440e-01 1.0000000e+00
0.0000000e+00 6.9144060e-01
4.7020760e-01 0.0000000e+00
1.0000000e+00 2.2461410e-01
1.0000000e+00 8.1648270e-01
0.0000000e+00 7.1857890e-01
0.0000000e+00 9.6561170e-01
0.0000000e+00 2.8676300e-01
0.0000000e+00 9.8232500e-01
1.0000000e+00 6.8504830e-01
1.0000000e+00 0.0000000e+00
2.3921140e-01 1.0000000e+00
8.6016570e-01 1.0000000e+00
0.0000000e+00 4.7853660e-01
1.0000000e+00 4.9194320e-01
4.8620260e-01 1.0000000e+00
4.6298610e-01 1.0000000e+00
0.0000000e+00 9.7629370e-01
0.0000000e+00 7.3449750e-01
1.0286850e-01 0.0000000e+00
0.0000000e+00 1.2559710e-01
2.5775140e-01 0.0000000e+00
8.8300130e-01 1.0000000e+00
1.6245120e-01 0.0000000e+00
6.5483130e-01 1.0000000e+00
1.0000000e+00 5.6199000e-02
4.4208140e-01 1.0000000e+00
3.6944170e-01 1.0000000e+00
7.0821390e-01 0.0000000e+00
4.2559690e-01 1.0000000e+00
3.7823960e-01 0.0000000e+00
6.0590520e-01 1.0000000e+00
0.0000000e+00 7.1798460e-01
0.0000000e+00 3.2561710e-01
1.0000000e+00 2.7884600e-01
9.3953680e-01 0.0000000e+00
0.0000000e+00 3.9359100e-01
0.0000000e+00 3.2850020e-01
7.9938800e-02 1.0000000e+00
5.8727720e-01 0.0000000e+00
8.9022900e-01 1.0000000e+00
0.0000000e+00 1.4497630e-01
3.0320560e-01 1.0000000e+00
1.0000000e+00 2.4762830e-01
5.7885520e-01 0.0000000e+00
0.0000000e+00 3.3287510e-01
0.0000000e+00 2.3906970e-01
0.0000000e+00 8.8993740e-01
6.9885410e-01 0.0000000e+00
7.6619520e-01 0.0000000e+00
0.0000000e+00 1.0000000e+00
5.6008950e-01 0.0000000e+00
9.1380170e-01 1.0000000e+00
7.5658620e-01 1.0000000e+00
1.3490100e-02 1.0000000e+00
2.8485780e-01 0.0000000e+00
9.6108610e-01 1.0000000e+00
0.0000000e+00 2.0954950e-01
1.0000000e+00 1.0000000e+00
1.0000000e+00 5.4589200e-02
1.0000000e+00 7.6888420e-01
0.0000000e+00 1.5467020e-01
2.2781740e-01 1.0000000e+00
