0.0000000e+00 0.0000000e+00
1.0000000e+00 0.0000000e+00
0.0000000e+00 1.0000000e+00
1.0000000e+00 1.0000000e+00
0.0000000e+00 9.1815530e-01
8.7452380e-01 0.0000000e+00
1.0000000e+00 3.8724010e-01
8.2578150e-01 0.0000000e+00
9.6837550e-01 0.0000000e+00
9.6827420e-01 0.0000000e+00
5.2535550e-01 0.0000000e+00
1.0000000e+00 7.3061370e-01
1.0000000e+00 6.4210430e-01
1.0000000e+00 2.5040210e-01
7.1497700e-01 0.0000000e+00
2.4445560e-01 0.0000000e+00
2.4427270e-01 1.0000000e+00
1.0000000e+00 8.5060510e-01
1.0000000e+00 5.7941770e-01
5.7435450e-01 1.0000000e+00
1.0000000e+00 6.2868520e-01
7.5264480e-01 1.0000000e+00
4.8437830e-01 0.0000000e+00
9.3385620e-01 0.0000000e+00
1.0000000e+00 4.9197460e-01
8.9409940e-01 1.0000000e+00
1.0000000e+00 5.2555540e-01
3.9036930e-01 1.0000000e+00
1.0000000e+00 8.1345560e-01
1.0000000e+00 7.7542970e-01
3.1621910e-01 0.0000000e+00
7.7158830e-01 0.0000000e+00
2.8040710e-01 0.0000000e+00
0.0000000e+00 7.0015460e-01
1.0000000e+00 8.3870320e-01
9.3615800e-01 0.0000000e+00
1.0000000e+00 8.5426960e-01
0.0000000e+00 6.0958650e-01
5.5167860e-01 1.0000000e+00
1.1834370e-01 0.0000000e+00
3.6968300e-02 0.0000000e+00
8.1852200e-02 1.0000000e+00
1.0000000e+00 3.6833840e-01
1.5125340e-01 1.0000000e+00
0.0000000e+00 4.1285140e-01
4.2821130e-01 0.0000000e+00
8.5084200e-02 0.0000000e+00
2.6284050e-01 0.0000000e+00
2.5987100e-02 0.0000000e+00
0.0000000e+00 3.1494460e-01
1.9496530e-01 1.0000000e+00
0.0000000e+00 1.2034500e-01
1.0000000e+00 8.8378820e-01
4.5919300e-02 0.0000000e+00
0.0000000e+00 3.1138230e-01
2.0966810e-01 1.0000000e+00
0.0000000e+00 7.4689590e-01
5.6117750e-01 0.0000000e+00
1.0000000e+00 1.0787820e-01
0.0000000e+00 9.8756730e-01
0.0000000e+00 2.9102890e-01
0.0000000e+00 5.5716600e-01
4.7232950e-01 0.0000000e+00
1.0000000e+00 9.1576000e-03
1.0000000e+00 8.8100700e-01
1.0000000e+00 1.2253400e-02
4.7612780e-01 1.0000000e+00
0.0000000e+00 9.7919630e-01
5.8165790e-01 1.0000000e+00
4.1346690e-01 0.0000000e+00
1.0000000e+00 5.5276300e-01
9.0714920e-01 0.0000000e+00
1.0000000e+00 5.0264530e-01
1.0000000e+00 4.3739250e-01
1.0000000e+00 6.0420520e-01
3.6679650e-01 0.0000000e+00
6.1312360e-01 1.0000000e+00
2.0577800e-02 1.0000000e+00
1.0000000e+00 6.2637990e-01
9.8070050e-01 0.0000000e+00
1.0000000e+00 8.4468840e-01
3.1978760e-01 0.0000000e+00
1.0000000e+00 4.8618610e-01
1.0000000e+00 3.9086140e-01
4.9100630e-01 0.0000000e+00
0.0000000e+00 8.4581630e-01
1.8107020e-01 0.0000000e+00
1.0000000e+00 7.6487140e-01
0.0000000e+00 2.0929270e-01
9.9742020e-01 1.0000000e+00
0.0000000e+00 1.3771540e-01
7.8975500e-02 1.0000000e+00
1.0000000e+00 5.8274800e-01
0.0000000e+00 5.8322620e-01
3.5027340e-01 0.0000000e+00
0.0000000e+00 4.9491240e-01
1.0000000e+00 8.3885370e-01
1.0000000e+00 5.7980080e-01
0.0000000e+00 9.9652660e-01
7.9500220e-01 0.0000000e+00
0.0000000e+00 6.3474730e-01
1.5037020e-01 1.0000000e+00
9.3482840e-01 1.0000000e+00
7.2425680e-01 1.0000000e+00
0.0000000e+00 4.4939360e-01
2.9552240e-01 1.0000000e+00
0.0000000e+00 9.7933800e-02
1.7057280e-01 1.0000000e+00
1.0000000e+00 8.6958480e-01
9.0038890e-01 0.0000000e+00
8.1368830e-01 0.0000000e+00
1.1694600e-01 0.0000000e+00
1.0000000e+00 7.5034490e-01
3.2611760e-01 0.0000000e+00
9.9563350e-01 0.0000000e+00
3.8387090e-01 0.0000000e+00
6.8379250e-01 0.0000000e+00
7.1859040e-01 0.0000000e+00
5.7261680e-01 0.0000000e+00
4.6254300e-02 0.0000000e+00
2.6186200e-01 1.0000000e+00
6.0750190e-01 0.0000000e+00
6.8823830e-01 1.0000000e+00
0.0000000e+00 1.3151400e-02
5.3229750e-01 0.0000000e+00
3.7695390e-01 1.0000000e+00
3.6429120e-01 1.0000000e+00
1.0000000e+00 4.2276430e-01
