0.0000000e+00 0.0000000e+00
1.0000000e+00 0.0000000e+00
0.0000000e+00 1.0000000e+00
1.0000000e+00 1.0000000e+00
2.0055350e-01 1.0000000e+00
2.3388610e-01 0.0000000e+00
3.1455700e-01 0.0000000e+00
9.8759330e-01 0.0000000e+00
4.5244510e-01 0.0000000e+00
1.0000000e+00 1.6258010e-01
2.6661890e-01 1.0000000e+00
1.0000000e+00 3.7752650e-01
0.0000000e+00 2.4904580e-01
7.0392110e-01 1.0000000e+00
0.0000000e+00 7.4877800e-02
4.8371570e-01 1.0000000e+00
0.0000000e+00 7.9424610e-01
0.0000000e+00 5.4014350e-01
8.8894890e-01 1.0000000e+00
0.0000000e+00 7.8753500e-01
7.1923200e-02 0.0000000e+00
1.0000000e+00 1.5266000e-01
2.3675270e-01 1.0000000e+00
9.5717650e-01 1.0000000e+00
0.0000000e+00 2.2371420e-01
2.9650940e-01 0.0000000e+00
0.0000000e+00 3.9588820e-01
2.1594130e-01 0.0000000e+00
0.0000000e+00 1.5573240e-01
8.6617300e-02 1.0000000e+00
1.0000000e+00 6.1638150e-01
0.0000000e+00 7.1424980e-01
6.9556880e-01 0.0000000e+00
5.6728160e-01 0.0000000e+00
9.2636760e-01 1.0000000e+00
0.0000000e+00 6.4092410e-01
8.2461410e-01 1.0000000e+00
0.0000000e+00 9.4792520e-01
9.4981630e-01 1.0000000e+00
0.0000000e+00 1.1766590e-01
0.0000000e+00 8.8436400e-01
0.0000000e+00 4.3635170e-01
5.1438160e-01 0.0000000e+00
9.0999150e-01 0.0000000e+00
1.0000000e+00 5.1844350e-01
1.0000000e+00 4.0799000e-03
1.0000000e+00 9.7441020e-01
0.0000000e+00 6.8968420e-01
1.0000000e+00 9.1540160e-01
2.8809090e-01 0.0000000e+00
1.0000000e+00 4.1848710e-01
0.0000000e+00 4.0458330e-01
0.0000000e+00 7.8224500e-01
1.0000000e+00 9.7868030e-01
6.5439650e-01 0.0000000e+00
4.1129570e-01 0.0000000e+00
3.5965570e-01 1.0000000e+00
2.5416050e-01 1.0000000e+00
0.0000000e+00 2.2721960e-01
9.9145000e-02 0.0000000e+00
8.9291570e-01 0.0000000e+00
1.0000000e+00 8.6880300e-02
1.0000000e+00 5.6885990e-01
9.1480250e-01 1.0000000e+00
6.6171880e-01 1.0000000e+00
1.5048110e-01 0.0000000e+00
9.7562070e-01 1.0000000e+00
0.0000000e+00 7.1022310e-01
5.5884440e-01 0.0000000e+00
0.0000000e+00 8.8483510e-01
9.7762020e-01 0.0000000e+00
1.0000000e+00 9.0407600e-02
9.8541100e-01 0.0000000e+00
0.0000000e+00 4.3359490e-01
9.1271490e-01 0.0000000e+00
6.0983430e-01 0.0000000e+00
0.0000000e+00 9.5987160e-01
1.0000000e+00 7.9388330e-01
1.0000000e+00 8.0782910e-01
0.0000000e+00 7.8821890e-01
1.0000000e+00 5.7766720e-01
3.7372280e-01 0.0000000e+00
8.2877820e-01 1.0000000e+00
1.0000000e+00 1.9742660e-01
3.0382560e-01 1.0000000e+00
1.0000000e+00 1.8766590e-01
4.9405520e-01 1.0000000e+00
0.0000000e+00 9.2324160e-01
2.1250110e-01 0.0000000e+00
6.6314700e-01 1.0000000e+00
8.9161080e-01 0.0000000e+00
0.0000000e+00 5.0747470e-01
1.0000000e+00 3.7367700e-02
4.5707560e-01 0.0000000e+00
1.0000000e+00 9.6402590e-01
1.0000000e+00 2.6623520e-01
3.2944900e-01 1.0000000e+00
8.1953110e-01 1.0000000e+00
1.0000000e+00 3.5990210e-01
1.4095900e-01 0.0000000e+00
1.0000000e+00 3.5022790e-01
1.0000000e+00 9.4206220e-01
9.8640460e-01 1.0000000e+00
0.0000000e+00 1.0751060e-01
0.0000000e+00 7.7641360e-01
1.0000000e+00 8.9467800e-02
1.0000000e+00 3.3689840e-01
5.2129020e-01 1.0000000e+00
1.0000000e+00 6.0263680e-01
9.0617440e-01 1.0000000e+00
0.0000000e+00 9.3197460e-01
1.0000000e+00 2.2395760e-01
4.2488060e-01 0.0000000e+00
1.0000000e+00 1.1140140e-01
6.2510340e-01 0.0000000e+00
1.0000000e+00 5.3395670e-01
4.0151760e-01 0.0000000e+00
3.3450150e-01 0.0000000e+00
0.0000000e+00 2.2593900e-02
0.0000000e+00 5.6034760e-01
1.0267520e-01 0.0000000e+00
7.8455660e-01 0.0000000e+00
1.0000000e+00 1.3636500e-02
8.4594680e-01 0.0000000e+00
1.9828600e-02 0.0000000e+00
1.0000000e+00 1.5106240e-01
1.0000000e+00 5.6571330e-01
8.5805180e-01 0.0000000e+00
