1.0966440e-01 1.0000000e+00
5.5683370e-01 0.0000000e+00
7.1774370e-01 1.0000000e+00
2.3190850e-01 1.0000000e+00
1.0000000e+00 7.8510800e-02
5.5686150e-01 0.0000000e+00
0.0000000e+00 5.4947580e-01
4.9419850e-01 0.0000000e+00
6.0552980e-01 1.0000000e+00
4.9837750e-01 1.0000000e+00
8.9070440e-01 0.0000000e+00
0.0000000e+00 4.9295510e-01
0.0000000e+00 5.8582870e-01
1.0000000e+00 9.0338330e-01
8.3624930e-01 1.0000000e+00
4.5280900e-01 1.0000000e+00
7.4469900e-02 1.0000000e+00
1.8095840e-01 0.0000000e+00
3.4151500e-02 1.0000000e+00
0.0000000e+00 6.1752400e-02
6.3015000e-02 1.0000000e+00
1.0000000e+00 6.8314840e-01
3.0085460e-01 0.0000000e+00
2.5765130e-01 0.0000000e+00
7.9575860e-01 0.0000000e+00
7.7884940e-01 1.0000000e+00
0.0000000e+00 4.4793820e-01
4.3492130e-01 1.0000000e+00
1.0000000e+00 9.0138580e-01
1.0000000e+00 4.4145680e-01
0.0000000e+00 4.3643320e-01
0.0000000e+00 0.0000000e+00
1.0000000e+00 1.0556180e-01
0.0000000e+00 2.6543340e-01
0.0000000e+00 8.0755860e-01
1.0000000e+00 4.4316420e-01
1.0000000e+00 8.5219910e-01
0.0000000e+00 6.9525300e-02
1.0000000e+00 9.9628450e-01
1.0000000e+00 9.6771420e-01
2.8487890e-01 1.0000000e+00
6.3603180e-01 0.0000000e+00
3.4709120e-01 1.0000000e+00
1.0000000e+00 3.0743830e-01
4.2907260e-01 0.0000000e+00
1.0000000e+00 1.9549960e-01
0.0000000e+00 5.3677200e-02
1.5880500e-01 0.0000000e+00
1.0000000e+00 3.4448300e-01
7.5669000e-02 0.0000000e+00
1.0000000e+00 6.0681070e-01
0.0000000e+00 3.7219830e-01
1.9120390e-01 1.0000000e+00
3.4522170e-01 1.0000000e+00
1.0000000e+00 2.3419340e-01
4.1439700e-01 0.0000000e+00
9.9707340e-01 1.0000000e+00
0.0000000e+00 6.3645270e-01
2.1836870e-01 0.0000000e+00
5.6482130e-01 1.0000000e+00
0.0000000e+00 9.8109010e-01
1.0000000e+00 9.0388360e-01
1.0000000e+00 9.2856980e-01
2.4833450e-01 0.0000000e+00
0.0000000e+00 7.4075260e-01
4.3333000e-02 0.0000000e+00
2.0847770e-01 1.0000000e+00
1.0000000e+00 9.6065450e-01
0.0000000e+00 3.5412500e-02
3.8754380e-01 1.0000000e+00
0.0000000e+00 2.7005240e-01
6.2207640e-01 0.0000000e+00
6.0681090e-01 1.0000000e+00
7.3571480e-01 1.0000000e+00
7.9966200e-01 1.0000000e+00
2.2803590e-01 0.0000000e+00
1.0000000e+00 0.0000000e+00
1.0000000e+00 3.8373090e-01
1.0000000e+00 1.6511030e-01
8.4538400e-01 1.0000000e+00
1.0000000e+00 7.7387430e-01
0.0000000e+00 2.2480630e-01
0.0000000e+00 5.9749330e-01
8.8416560e-01 0.0000000e+00
2.3426520e-01 0.0000000e+00
9.2729110e-01 0.0000000e+00
2.0943140e-01 1.0000000e+00
0.0000000e+00 4.0513150e-01
8.5404140e-01 0.0000000e+00
1.0000000e+00 8.7795430e-01
1.3482470e-01 0.0000000e+00
1.0000000e+00 3.8473370e-01
5.3752690e-01 0.0000000e+00
0.0000000e+00 6.3081720e-01
8.3403760e-01 1.0000000e+00
0.0000000e+00 9.0448930e-01
0.0000000e+00 8.3236570e-01
4.2038210e-01 0.0000000e+00
6.6838430e-01 1.0000000e+00
1.0000000e+00 1.4458660e-01
7.4655190e-01 1.0000000e+00
0.0000000e+00 3.3774370e-01
9.1440180e-01 0.0000000e+00
0.0000000e+00 1.1358990e-01
0.0000000e+00 8.6205100e-01
3.4912300e-02 0.0000000e+00
1.7734000e-01 1.0000000e+00
8.4211230e-01 1.0000000e+00
0.0000000e+00 7.0002870e-01
7.3342190e-01 1.0000000e+00
1.0000000e+00 2.5147980e-01
1.0000000e+00 3.6531460e-01
3.2441100e-02 1.0000000e+00
0.0000000e+00 9.3258310e-01
0.0000000e+00 5.9713900e-01
4.6191510e-01 1.0000000e+00
0.0000000e+00 7.2193540e-01
0.0000000e+00 1.0000000e+00
7.1136180e-01 1.0000000e+00
8.5294350e-01 1.0000000e+00
2.1168860e-01 1.0000000e+00
1.0000000e+00 7.7928230e-01
0.0000000e+00 6.4484170e-01
9.4060620e-01 1.0000000e+00
5.4559620e-01 0.0000000e+00
1.0000000e+00 1.0000000e+00
9.7453260e-01 1.0000000e+00
8.6378920e-01 0.0000000e+00
