0.0000000e+00 0.0000000e+00
1.0000000e+00 0.0000000e+00
0.0000000e+00 1.0000000e+00
1.0000000e+00 1.0000000e+00
2.0161200e-01 1.0000000e+00
1.0000000e+00 9.6228070e-01
0.0000000e+00 1.8663110e-01
0.0000000e+00 9.6661930e-01
8.8438220e-01 0.0000000e+00
1.0710960e-01 1.0000000e+00
1.5538600e-01 0.0000000e+00
0.0000000e+00 4.3165580e-01
3.2416890e-01 0.0000000e+00
6.2660920e-01 1.0000000e+00
1.0000000e+00 1.3916400e-01
2.2324520e-01 0.0000000e+00
2.7768450e-01 0.0000000e+00
1.0000000e+00 2.0820280e-01
1.0000000e+00 9.0933880e-01
6.3250560e-01 0.0000000e+00
6.5665040e-01 1.0000000e+00
1.1637730e-01 0.0000000e+00
3.0830000e-04 0.0000000e+00
0.0000000e+00 8.2046600e-02
5.8140430e-01 1.0000000e+00
2.9237110e-01 1.0000000e+00
5.4661270e-01 1.0000000e+00
8.4094770e-01 1.0000000e+00
0.0000000e+00 9.2869110e-01
1.7519720e-01 1.0000000e+00
4.3346080e-01 0.0000000e+00
3.1835110e-01 0.0000000e+00
0.0000000e+00 5.2401130e-01
6.7976130e-01 0.0000000e+00
1.0000000e+00 8.2358950e-01
1.0000000e+00 9.6369790e-01
7.0681270e-01 1.0000000e+00
1.0000000e+00 2.9252930e-01
0.0000000e+00 1.4171910e-01
1.0000000e+00 8.5529400e-02
0.0000000e+00 1.0907400e-01
1.0000000e+00 1.0654700e-02
1.0000000e+00 8.6877630e-01
1.0000000e+00 2.2239250e-01
1.0000000e+00 7.4392070e-01
1.0000000e+00 4.7297600e-01
0.0000000e+00 5.8577820e-01
7.9040830e-01 0.0000000e+00
1.0000000e+00 4.8373070e-01
8.8933620e-01 1.0000000e+00
9.6171880e-01 0.0000000e+00
3.1676710e-01 0.0000000e+00
1.9100380e-01 0.0000000e+00
9.2098360e-01 1.0000000e+00
2.0841310e-01 0.0000000e+00
6.6742710e-01 0.0000000e+00
3.7311640e-01 1.0000000e+00
0.0000000e+00 1.5635000e-03
6.9688480e-01 1.0000000e+00
1.0000000e+00 3.7247980e-01
3.4297140e-01 1.0000000e+00
1.0000000e+00 7.3573940e-01
4.0286530e-01 1.0000000e+00
1.0000000e+00 3.4336920e-01
6.7282630e-01 1.0000000e+00
0.0000000e+00 8.9855790e-01
1.0000000e+00 2.5707110e-01
9.0991150e-01 1.0000000e+00
6.2054200e-01 1.0000000e+00
0.0000000e+00 9.3511630e-01
9.4716950e-01 1.0000000e+00
2.0651700e-02 0.0000000e+00
5.6535100e-02 0.0000000e+00
1.0000000e+00 6.2837800e-01
2.1821350e-01 0.0000000e+00
7.3301480e-01 1.0000000e+00
1.0000000e+00 7.1621940e-01
1.6000700e-01 1.0000000e+00
0.0000000e+00 6.4434110e-01
5.5679310e-01 1.0000000e+00
1.0000000e+00 7.8737370e-01
1.0000000e+00 6.8260820e-01
0.0000000e+00 4.5726800e-01
5.2555050e-01 0.0000000e+00
0.0000000e+00 9.5808210e-01
1.0000000e+00 4.4033220e-01
0.0000000e+00 3.2153840e-01
4.2903950e-01 1.0000000e+00
0.0000000e+00 1.5068160e-01
8.4370600e-02 1.0000000e+00
0.0000000e+00 3.8379330e-01
0.0000000e+00 2.1251700e-01
8.7301550e-01 1.0000000e+00
5.2288160e-01 0.0000000e+00
3.8916240e-01 0.0000000e+00
1.0000000e+00 4.3520610e-01
2.1700900e-02 1.0000000e+00
9.9642160e-01 0.0000000e+00
1.7342450e-01 1.0000000e+00
2.8200790e-01 0.0000000e+00
6.4098060e-01 0.0000000e+00
7.8073410e-01 1.0000000e+00
1.0000000e+00 6.8506380e-01
0.0000000e+00 5.1639670e-01
4.8682240e-01 0.0000000e+00
1.0000000e+00 2.5726900e-02
1.0000000e+00 4.8928490e-01
0.0000000e+00 4.2092390e-01
1.0000000e+00 1.5475350e-01
1.0000000e+00 7.7545320e-01
1.0000000e+00 2.0301840e-01
5.4120200e-01 1.0000000e+00
0.0000000e+00 8.4057210e-01
8.7282010e-01 1.0000000e+00
8.3058470e-01 1.0000000e+00
0.0000000e+00 6.9442830e-01
0.0000000e+00 9.1435590e-01
7.5122630e-01 0.0000000e+00
4.9945110e-01 1.0000000e+00
5.1640750e-01 1.0000000e+00
4.0206690e-01 1.0000000e+00
1.0000000e+00 2.3288620e-01
7.1113220e-01 0.0000000e+00
9.6118280e-01 0.0000000e+00
2.1605290e-01 0.0000000e+00
0.0000000e+00 6.8622890e-01
1.0000000e+00 8.3421900e-01
9.8679650e-01 1.0000000e+00
