1.4398480e-01 1.0000000e+00
1.3800050e-01 0.0000000e+00
1.0000000e+00 9.2921640e-01
0.0000000e+00 9.2943870e-01
3.0158500e-01 1.0000000e+00
7.3894770e-01 1.0000000e+00
4.2828660e-01 0.0000000e+00
5.3684990e-01 1.0000000e+00
1.6249960e-01 0.0000000e+00
8.8126450e-01 0.0000000e+00
0.0000000e+00 8.0590300e-01
0.0000000e+00 1.7082610e-01
1.0000000e+00 3.6003360e-01
0.0000000e+00 1.5152080e-01
1.0000000e+00 9.2311610e-01
6.0220810e-01 1.0000000e+00
1.0000000e+00 6.5782900e-02
8.5365680e-01 1.0000000e+00
3.0425890e-01 1.0000000e+00
1.0000000e+00 5.3875500e-02
2.9802350e-01 1.0000000e+00
7.1360490e-01 1.0000000e+00
0.0000000e+00 2.3821200e-02
1.0000000e+00 2.9607020e-01
0.0000000e+00 5.4837210e-01
1.0000000e+00 1.6395470e-01
1.0000000e+00 8.0723770e-01
5.1755340e-01 1.0000000e+00
5.4080880e-01 1.0000000e+00
0.0000000e+00 0.0000000e+00
8.4679300e-02 1.0000000e+00
1.0000000e+00 3.4474810e-01
0.0000000e+00 4.4472300e-01
7.3611510e-01 1.0000000e+00
5.5839730e-01 1.0000000e+00
4.1298010e-01 0.0000000e+00
0.0000000e+00 8.8113990e-01
0.0000000e+00 1.9076200e-01
1.3776010e-01 1.0000000e+00
1.0000000e+00 2.0005690e-01
3.6346440e-01 0.0000000e+00
1.0000000e+00 2.4181770e-01
5.2945790e-01 1.0000000e+00
4.9618280e-01 1.0000000e+00
9.3324850e-01 0.0000000e+00
8.8654750e-01 1.0000000e+00
7.9083800e-02 1.0000000e+00
9.6986260e-01 0.0000000e+00
1.0000000e+00 9.0301970e-01
0.0000000e+00 8.3797610e-01
1.0000000e+00 3.7019600e-02
8.4293400e-02 1.0000000e+00
2.4348010e-01 0.0000000e+00
9.2684830e-01 1.0000000e+00
5.6422000e-01 0.0000000e+00
1.0000000e+00 4.8028260e-01
1.0000000e+00 2.0623140e-01
8.8204220e-01 1.0000000e+00
0.0000000e+00 4.3820030e-01
0.0000000e+00 1.2723630e-01
0.0000000e+00 7.6753000e-03
1.0000000e+00 5.5880390e-01
1.0000000e+00 5.4923960e-01
9.7352520e-01 0.0000000e+00
0.0000000e+00 6.6410430e-01
3.4934740e-01 1.0000000e+00
9.1531410e-01 0.0000000e+00
0.0000000e+00 8.6215900e-02
1.0000000e+00 0.0000000e+00
8.0478420e-01 1.0000000e+00
1.1914070e-01 0.0000000e+00
0.0000000e+00 7.5297350e-01
3.2976710e-01 1.0000000e+00
1.9331280e-01 1.0000000e+00
0.0000000e+00 2.3581500e-01
5.9197540e-01 0.0000000e+00
0.0000000e+00 1.4728940e-01
0.0000000e+00 6.4911130e-01
4.0721110e-01 1.0000000e+00
1.0000000e+00 5.5478700e-01
0.0000000e+00 7.8840640e-01
1.0000000e+00 1.7569640e-01
1.0000000e+00 5.2088500e-02
0.0000000e+00 9.4367190e-01
0.0000000e+00 8.3389800e-02
1.0000000e+00 3.4969260e-01
8.6581040e-01 0.0000000e+00
4.3141500e-01 1.0000000e+00
5.3508780e-01 1.0000000e+00
1.0000000e+00 7.3379900e-02
4.3016200e-01 1.0000000e+00
0.0000000e+00 8.4336060e-01
2.3123900e-02 0.0000000e+00
0.0000000e+00 8.8459040e-01
2.6710870e-01 0.0000000e+00
0.0000000e+00 5.1742440e-01
7.1151700e-01 0.0000000e+00
0.0000000e+00 6.8264920e-01
1.0000000e+00 9.8134910e-01
3.5843250e-01 1.0000000e+00
7.2416230e-01 1.0000000e+00
2.4524700e-02 0.0000000e+00
1.0000000e+00 4.4118450e-01
1.0000000e+00 3.3296270e-01
0.0000000e+00 7.8269290e-01
1.0000000e+00 7.7009850e-01
0.0000000e+00 1.0000000e+00
4.8086950e-01 1.0000000e+00
5.0876880e-01 1.0000000e+00
2.7413260e-01 1.0000000e+00
5.2663100e-01 1.0000000e+00
2.8943940e-01 1.0000000e+00
2.6396710e-01 0.0000000e+00
2.5707250e-01 0.0000000e+00
0.0000000e+00 9.5031280e-01
0.0000000e+00 7.5031250e-01
9.4199310e-01 0.0000000e+00
9.6844350e-01 0.0000000e+00
3.2413990e-01 0.0000000e+00
1.1014620e-01 0.0000000e+00
1.2290160e-01 1.0000000e+00
3.4469470e-01 0.0000000e+00
4.7384300e-02 1.0000000e+00
1.0000000e+00 1.0000000e+00
0.0000000e+00 4.8457820e-01
1.3047290e-01 1.0000000e+00
3.7486400e-02 1.0000000e+00
1.0000000e+00 4.7056480e-01
