0.0000000e+00 0.0000000e+00
1.0000000e+00 0.0000000e+00
0.0000000e+00 1.0000000e+00
1.0000000e+00 1.0000000e+00
8.8826310e-01 1.0000000e+00
0.0000000e+00 9.8595730e-01
5.9054180e-01 1.0000000e+00
1.0000000e+00 3.8553060e-01
3.0137020e-01 1.0000000e+00
7.9786900e-01 1.0000000e+00
8.1514090e-01 1.0000000e+00
1.0000000e+00 4.0174440e-01
1.0000000e+00 9.5730970e-01
1.0000000e+00 6.5551140e-01
0.0000000e+00 8.4676210e-01
1.0000000e+00 9.6688760e-01
9.2113700e-02 1.0000000e+00
8.3621130e-01 0.0000000e+00
1.0000000e+00 5.9621380e-01
1.0000000e+00 2.0085810e-01
0.0000000e+00 4.9752300e-01
4.9367900e-02 1.0000000e+00
0.0000000e+00 2.7552110e-01
5.2487800e-01 1.0000000e+00
1.0000000e+00 3.9110180e-01
2.1295160e-01 0.0000000e+00
0.0000000e+00 3.3189190e-01
1.0000000e+00 2.1860460e-01
1.0000000e+00 4.5687270e-01
0.0000000e+00 7.2500980e-01
1.0000000e+00 5.7681220e-01
0.0000000e+00 6.5568380e-01
1.0000000e+00 1.7553580e-01
3.1500140e-01 1.0000000e+00
1.0000000e+00 5.5529150e-01
2.0016000e-03 0.0000000e+00
3.0200090e-01 1.0000000e+00
3.8536040e-01 1.0000000e+00
0.0000000e+00 7.7392600e-02
0.0000000e+00 8.1822780e-01
8.1519600e-01 0.0000000e+00
1.0000000e+00 6.8409980e-01
1.0000000e+00 4.9606660e-01
0.0000000e+00 7.1698950e-01
4.1936270e-01 1.0000000e+00
3.4563800e-01 0.0000000e+00
5.7910460e-01 0.0000000e+00
1.8858500e-01 0.0000000e+00
0.0000000e+00 9.9262570e-01
5.9017000e-02 1.0000000e+00
2.5010510e-01 1.0000000e+00
4.2831590e-01 1.0000000e+00
1.0000000e+00 5.5232880e-01
2.0117060e-01 0.0000000e+00
6.2126430e-01 0.0000000e+00
1.0000000e+00 4.0565700e-02
9.0124100e-01 1.0000000e+00
0.0000000e+00 7.9543800e-02
1.0000000e+00 4.1293590e-01
8.3540000e-03 0.0000000e+00
0.0000000e+00 8.2528650e-01
2.2792790e-01 0.0000000e+00
5.7385840e-01 1.0000000e+00
0.0000000e+00 6.9021930e-01
0.0000000e+00 4.4599750e-01
3.0759150e-01 0.0000000e+00
4.3915490e-01 0.0000000e+00
0.0000000e+00 5.5300200e-01
3.0167680e-01 1.0000000e+00
5.5498730e-01 0.0000000e+00
9.2537960e-01 0.0000000e+00
1.0000000e+00 6.6517800e-02
2.4844380e-01 0.0000000e+00
5.6304800e-02 1.0000000e+00
3.8213670e-01 1.0000000e+00
4.1314810e-01 1.0000000e+00
0.0000000e+00 8.8677000e-03
0.0000000e+00 8.5851810e-01
1.0000000e+00 8.8169230e-01
3.7262320e-01 0.0000000e+00
1.0000000e+00 5.7272600e-01
0.0000000e+00 5.6294580e-01
6.1928660e-01 0.0000000e+00
2.2120660e-01 0.0000000e+00
7.2056710e-01 0.0000000e+00
4.2864760e-01 1.0000000e+00
5.4773460e-01 1.0000000e+00
0.0000000e+00 3.1229110e-01
0.0000000e+00 2.3021570e-01
0.0000000e+00 7.4527260e-01
1.0000000e+00 4.1953200e-01
2.5711450e-01 1.0000000e+00
8.3311270e-01 1.0000000e+00
1.0000000e+00 5.2210110e-01
1.0000000e+00 6.9737470e-01
0.0000000e+00 5.8114750e-01
1.0000000e+00 3.4462220e-01
8.0181980e-01 0.0000000e+00
0.0000000e+00 3.5000800e-02
3.6826100e-01 1.0000000e+00
6.6059060e-01 1.0000000e+00
1.8499000e-03 1.0000000e+00
1.0000000e+00 8.8089920e-01
1.0000000e+00 3.5077530e-01
2.7088400e-01 1.0000000e+00
1.0000000e+00 3.8135800e-02
1.3369820e-01 0.0000000e+00
0.0000000e+00 4.5160080e-01
7.0948980e-01 1.0000000e+00
8.5635420e-01 1.0000000e+00
1.0000000e+00 9.1539010e-01
0.0000000e+00 3.4974400e-02
1.0000000e+00 6.4565340e-01
0.0000000e+00 6.5981290e-01
5.3344830e-01 0.0000000e+00
0.0000000e+00 1.1037440e-01
7.1241490e-01 0.0000000e+00
1.4106600e-02 1.0000000e+00
9.2047730e-01 0.0000000e+00
1.0000000e+00 5.3963340e-01
4.2710620e-01 1.0000000e+00
1.2791900e-02 0.0000000e+00
1.0000000e+00 4.8972510e-01
8.4326890e-01 0.0000000e+00
0.0000000e+00 8.3448990e-01
1.0000000e+00 2.2371680e-01
1.0000000e+00 6.9328110e-01
1.0000000e+00 3.3688000e-02
