9.8959590e-01 1.0000000e+00
9.7667990e-01 1.0000000e+00
9.3177250e-01 1.0000000e+00
0.0000000e+00 5.7350510e-01
1.0000000e+00 4.0227080e-01
1.6458390e-01 1.0000000e+00
5.6897950e-01 1.0000000e+00
1.0000000e+00 1.1657910e-01
1.0000000e+00 4.8827840e-01
1.0000000e+00 3.5079010e-01
2.6446980e-01 0.0000000e+00
0.0000000e+00 6.1225470e-01
3.5508380e-01 0.0000000e+00
1.0000000e+00 2.7911670e-01
0.0000000e+00 3.1400660e-01
1.0000000e+00 4.9066650e-01
7.1515650e-01 0.0000000e+00
1.0000000e+00 2.9143000e-03
0.0000000e+00 0.0000000e+00
4.1694930e-01 1.0000000e+00
3.7726140e-01 1.0000000e+00
6.5031900e-01 0.0000000e+00
1.0000000e+00 6.0631370e-01
3.0192730e-01 0.0000000e+00
3.2591120e-01 0.0000000e+00
9.8102670e-01 0.0000000e+00
1.6084570e-01 0.0000000e+00
1.0000000e+00 5.2725400e-01
0.0000000e+00 8.7010700e-01
4.6853410e-01 1.0000000e+00
6.9311460e-01 0.0000000e+00
0.0000000e+00 5.7286800e-01
3.7789650e-01 0.0000000e+00
0.0000000e+00 9.3549960e-01
9.2676800e-02 0.0000000e+00
7.2527280e-01 0.0000000e+00
7.0887870e-01 0.0000000e+00
1.0236540e-01 0.0000000e+00
3.4099530e-01 0.0000000e+00
7.5225890e-01 1.0000000e+00
8.4696130e-01 1.0000000e+00
8.0199750e-01 0.0000000e+00
9.1717570e-01 1.0000000e+00
4.0388910e-01 0.0000000e+00
1.0000000e+00 4.3424130e-01
1.4362780e-01 1.0000000e+00
7.1565680e-01 1.0000000e+00
3.2594500e-01 0.0000000e+00
0.0000000e+00 2.8890140e-01
7.2856700e-01 1.0000000e+00
9.7799280e-01 0.0000000e+00
2.7778680e-01 0.0000000e+00
7.7207000e-02 0.0000000e+00
6.8732210e-01 0.0000000e+00
1.8851790e-01 0.0000000e+00
3.8431530e-01 1.0000000e+00
0.0000000e+00 6.1753450e-01
0.0000000e+00 8.6274710e-01
0.0000000e+00 2.5319950e-01
5.1855200e-02 1.0000000e+00
3.6033830e-01 0.0000000e+00
0.0000000e+00 8.2223730e-01
1.0000000e+00 6.4057300e-02
0.0000000e+00 8.3791480e-01
1.0000000e+00 3.2132030e-01
9.0715750e-01 0.0000000e+00
5.4147690e-01 0.0000000e+00
4.9872600e-02 0.0000000e+00
0.0000000e+00 2.2154320e-01
1.0000000e+00 2.8843430e-01
0.0000000e+00 2.3011740e-01
1.0000000e+00 2.4307360e-01
4.3342850e-01 0.0000000e+00
1.2958480e-01 0.0000000e+00
7.1251430e-01 1.0000000e+00
0.0000000e+00 8.5071280e-01
2.0181810e-01 1.0000000e+00
1.0000000e+00 0.0000000e+00
4.8870200e-02 1.0000000e+00
1.0000000e+00 6.3296900e-01
4.5661080e-01 0.0000000e+00
9.2862530e-01 0.0000000e+00
7.7634230e-01 0.0000000e+00
0.0000000e+00 9.8521620e-01
0.0000000e+00 1.2370080e-01
0.0000000e+00 7.4647960e-01
1.0000000e+00 3.4483940e-01
5.8675310e-01 1.0000000e+00
9.4667570e-01 0.0000000e+00
5.9416210e-01 1.0000000e+00
1.0000000e+00 8.5733540e-01
0.0000000e+00 5.3499440e-01
8.5853790e-01 0.0000000e+00
6.8248450e-01 0.0000000e+00
1.0000000e+00 8.3383550e-01
1.0000000e+00 9.9779960e-01
3.3231880e-01 1.0000000e+00
1.0000000e+00 2.2336540e-01
2.1277800e-02 1.0000000e+00
0.0000000e+00 6.5408980e-01
6.7770600e-01 1.0000000e+00
0.0000000e+00 9.0970820e-01
6.4398990e-01 1.0000000e+00
1.0000000e+00 3.1976660e-01
0.0000000e+00 9.1674800e-02
7.4748200e-02 1.0000000e+00
6.0277570e-01 1.0000000e+00
1.0000000e+00 4.9595590e-01
7.3758160e-01 0.0000000e+00
1.0000000e+00 4.4440100e-01
5.0887450e-01 0.0000000e+00
0.0000000e+00 1.0000000e+00
5.1658030e-01 0.0000000e+00
5.7272990e-01 1.0000000e+00
9.8951490e-01 1.0000000e+00
1.0000000e+00 9.9736610e-01
1.0000000e+00 3.8675710e-01
0.0000000e+00 5.7171330e-01
0.0000000e+00 8.0619640e-01
0.0000000e+00 4.8157480e-01
1.0000000e+00 1.0000000e+00
1.2059450e-01 1.0000000e+00
1.0000000e+00 3.9281350e-01
0.0000000e+00 7.3890860e-01
0.0000000e+00 2.3153800e-02
0.0000000e+00 9.0274830e-01
1.0000000e+00 7.1924170e-01
1.0000000e+00 1.7813740e-01
