1.0000000e+00 4.2616030e-01
5.7172630e-01 1.0000000e+00
6.3391820e-01 1.0000000e+00
1.0000000e+00 7.7792930e-01
7.8981960e-01 0.0000000e+00
6.6647580e-01 1.0000000e+00
1.0000000e+00 7.5533850e-01
1.0000000e+00 5.9290340e-01
0.0000000e+00 2.3303220e-01
1.0000000e+00 3.8480600e-01
0.0000000e+00 8.5572460e-01
3.0889660e-01 0.0000000e+00
4.7628660e-01 0.0000000e+00
4.0483680e-01 0.0000000e+00
5.1680190e-01 0.0000000e+00
1.0000000e+00 8.1145110e-01
6.7309530e-01 1.0000000e+00
9.7424490e-01 0.0000000e+00
0.0000000e+00 2.2313040e-01
8.3117750e-01 0.0000000e+00
5.0828190e-01 1.0000000e+00
9.2726930e-01 0.0000000e+00
0.0000000e+00 0.0000000e+00
0.0000000e+00 3.3723890e-01
1.3347190e-01 0.0000000e+00
2.1407560e-01 0.0000000e+00
1.0000000e+00 1.0056790e-01
5.4356500e-02 0.0000000e+00
1.0000000e+00 8.1226000e-02
8.5292770e-01 1.0000000e+00
7.8488040e-01 1.0000000e+00
9.3414990e-01 0.0000000e+00
4.3825380e-01 1.0000000e+00
2.4304900e-02 1.0000000e+00
5.4016950e-01 1.0000000e+00
5.2123320e-01 1.0000000e+00
1.0000000e+00 5.0571780e-01
6.1183400e-01 1.0000000e+00
2.3043860e-01 0.0000000e+00
1.0000000e+00 2.7615980e-01
4.8770900e-01 1.0000000e+00
0.0000000e+00 9.1385820e-01
3.6584250e-01 1.0000000e+00
0.0000000e+00 2.7227970e-01
8.8854390e-01 1.0000000e+00
1.0000000e+00 3.3025390e-01
1.0000000e+00 9.7238390e-01
5.6248800e-01 1.0000000e+00
6.9325260e-01 0.0000000e+00
6.3841990e-01 0.0000000e+00
7.7966270e-01 1.0000000e+00
3.3030350e-01 1.0000000e+00
8.9854960e-01 0.0000000e+00
3.7057500e-01 0.0000000e+00
0.0000000e+00 7.0111730e-01
0.0000000e+00 9.8279870e-01
1.0000000e+00 4.7789670e-01
8.9937800e-01 1.0000000e+00
7.0665060e-01 1.0000000e+00
7.0542410e-01 1.0000000e+00
0.0000000e+00 5.2983950e-01
6.3561530e-01 0.0000000e+00
0.0000000e+00 6.6298500e-02
2.8056780e-01 0.0000000e+00
1.0000000e+00 0.0000000e+00
1.0000000e+00 8.9386980e-01
0.0000000e+00 7.5476200e-02
0.0000000e+00 2.7537810e-01
1.0000000e+00 1.5978730e-01
1.0000000e+00 9.0463960e-01
4.8758910e-01 0.0000000e+00
4.1807090e-01 0.0000000e+00
0.0000000e+00 3.9037250e-01
7.0847340e-01 0.0000000e+00
1.0000000e+00 1.4223650e-01
1.0000000e+00 4.8538480e-01
4.1354300e-02 1.0000000e+00
7.1746750e-01 1.0000000e+00
1.0000000e+00 5.5577400e-01
0.0000000e+00 5.6091000e-03
2.9720070e-01 1.0000000e+00
6.4192510e-01 0.0000000e+00
5.4566500e-02 1.0000000e+00
0.0000000e+00 2.0705130e-01
4.8833900e-01 0.0000000e+00
4.5348300e-02 1.0000000e+00
1.0000000e+00 7.6261950e-01
8.0986460e-01 1.0000000e+00
7.5054330e-01 0.0000000e+00
0.0000000e+00 5.1837790e-01
1.0000000e+00 9.5605620e-01
6.0854770e-01 0.0000000e+00
4.6312510e-01 1.0000000e+00
1.0000000e+00 2.0973240e-01
0.0000000e+00 6.9015720e-01
0.0000000e+00 6.8910240e-01
7.2284460e-01 1.0000000e+00
8.2775140e-01 1.0000000e+00
0.0000000e+00 9.9930000e-03
1.0000000e+00 6.1928220e-01
1.3101190e-01 0.0000000e+00
0.0000000e+00 3.7720000e-02
9.1556310e-01 0.0000000e+00
0.0000000e+00 8.7798000e-02
6.8330000e-03 1.0000000e+00
1.0000000e+00 2.1315770e-01
1.0000000e+00 5.2131000e-03
4.4051780e-01 1.0000000e+00
3.4905370e-01 1.0000000e+00
2.0678500e-01 1.0000000e+00
1.0000000e+00 6.0623960e-01
1.9165620e-01 1.0000000e+00
3.0599700e-01 0.0000000e+00
2.8549280e-01 1.0000000e+00
4.0260300e-01 0.0000000e+00
0.0000000e+00 1.0000000e+00
1.0000000e+00 8.6648000e-03
4.7760670e-01 1.0000000e+00
9.0946520e-01 0.0000000e+00
0.0000000e+00 5.8593870e-01
5.0455340e-01 1.0000000e+00
8.0113760e-01 0.0000000e+00
0.0000000e+00 1.3483630e-01
1.0000000e+00 2.2075120e-01
1.7231990e-01 0.0000000e+00
1.0000000e+00 8.7130200e-02
1.0000000e+00 1.0000000e+00
1.0000000e+00 2.3157910e-01
