3.0822970e-01 0.0000000e+00
4.6708490e-01 1.0000000e+00
1.0000000e+00 8.0037010e-01
6.1568400e-02 1.0000000e+00
1.0000000e+00 1.2853810e-01
1.0000000e+00 6.6660410e-01
0.0000000e+00 1.0067220e-01
3.4241970e-01 1.0000000e+00
8.8764820e-01 1.0000000e+00
9.8364000e-01 0.0000000e+00
8.5914020e-01 0.0000000e+00
9.3565250e-01 0.0000000e+00
4.6991670e-01 0.0000000e+00
1.0000000e+00 4.5710800e-01
1.0000000e+00 7.1236050e-01
9.7024380e-01 1.0000000e+00
0.0000000e+00 8.0788800e-01
1.0000000e+00 9.9900500e-01
3.2067380e-01 1.0000000e+00
0.0000000e+00 3.7299900e-02
1.0000000e+00 4.1407230e-01
0.0000000e+00 5.0828600e-01
1.2419770e-01 1.0000000e+00
9.6704090e-01 0.0000000e+00
5.9871740e-01 0.0000000e+00
4.7895870e-01 0.0000000e+00
6.9915410e-01 1.0000000e+00
0.0000000e+00 8.0205370e-01
0.0000000e+00 0.0000000e+00
1.0000000e+00 3.0018320e-01
1.1588580e-01 1.0000000e+00
9.7556740e-01 0.0000000e+00
1.0000000e+00 1.0662840e-01
1.0000000e+00 7.9852690e-01
5.6652810e-01 0.0000000e+00
4.5181280e-01 0.0000000e+00
6.8437510e-01 0.0000000e+00
1.9666000e-01 1.0000000e+00
6.6889350e-01 1.0000000e+00
9.3712710e-01 1.0000000e+00
8.8516150e-01 0.0000000e+00
3.8961650e-01 0.0000000e+00
1.0000000e+00 9.1638190e-01
7.5276320e-01 0.0000000e+00
7.1516260e-01 1.0000000e+00
1.0000000e+00 8.8003300e-02
6.8761910e-01 1.0000000e+00
1.3520840e-01 1.0000000e+00
1.0000000e+00 4.5542790e-01
2.7762110e-01 0.0000000e+00
0.0000000e+00 3.0033760e-01
1.0000000e+00 1.0373700e-02
1.0000000e+00 4.1836940e-01
0.0000000e+00 4.6499210e-01
0.0000000e+00 3.5553340e-01
1.0000000e+00 1.9838810e-01
7.6007100e-01 0.0000000e+00
0.0000000e+00 9.5411670e-01
1.0000000e+00 2.6558230e-01
5.7669000e-02 0.0000000e+00
1.0000000e+00 9.8352990e-01
9.9767300e-02 1.0000000e+00
9.2769100e-01 0.0000000e+00
0.0000000e+00 2.5229150e-01
1.0000000e+00 4.7076920e-01
5.7099640e-01 0.0000000e+00
7.1577780e-01 0.0000000e+00
1.0000000e+00 1.9138410e-01
6.7616240e-01 0.0000000e+00
1.0000000e+00 1.0343190e-01
6.2571070e-01 1.0000000e+00
1.0000000e+00 2.6340130e-01
1.0000000e+00 0.0000000e+00
1.0000000e+00 5.1702230e-01
0.0000000e+00 6.6216630e-01
6.4150390e-01 1.0000000e+00
3.7709430e-01 1.0000000e+00
1.0000000e+00 8.7201100e-02
8.3430880e-01 1.0000000e+00
1.9013490e-01 0.0000000e+00
3.5301870e-01 1.0000000e+00
3.6247820e-01 0.0000000e+00
0.0000000e+00 6.9159800e-01
1.4917220e-01 1.0000000e+00
7.7242520e-01 1.0000000e+00
0.0000000e+00 1.3109910e-01
3.4311030e-01 1.0000000e+00
8.8323920e-01 1.0000000e+00
6.4345190e-01 1.0000000e+00
1.5257540e-01 1.0000000e+00
0.0000000e+00 2.1192390e-01
1.0000000e+00 6.5623030e-01
0.0000000e+00 4.9202600e-02
1.0000000e+00 5.8584650e-01
4.4251130e-01 0.0000000e+00
5.3440270e-01 0.0000000e+00
1.0000000e+00 5.7844660e-01
0.0000000e+00 8.8918640e-01
0.0000000e+00 1.6707710e-01
0.0000000e+00 6.9621770e-01
1.0000000e+00 5.1201910e-01
1.0000000e+00 8.4716100e-01
1.0000000e+00 2.0879630e-01
1.0000000e+00 4.0022880e-01
5.1101270e-01 1.0000000e+00
5.0690210e-01 1.0000000e+00
9.8990800e-02 0.0000000e+00
1.0000000e+00 2.8530000e-03
4.9788510e-01 0.0000000e+00
0.0000000e+00 1.0000000e+00
8.3373000e-01 0.0000000e+00
3.2801120e-01 0.0000000e+00
0.0000000e+00 3.5443210e-01
0.0000000e+00 3.3299590e-01
0.0000000e+00 7.6140640e-01
1.0000000e+00 7.7863080e-01
2.8478820e-01 0.0000000e+00
9.9944200e-01 0.0000000e+00
1.0000000e+00 7.8186610e-01
1.0000000e+00 1.0000000e+00
1.0000000e+00 7.7352900e-01
5.2207530e-01 0.0000000e+00
0.0000000e+00 7.4236900e-01
0.0000000e+00 8.6152900e-02
1.0000000e+00 2.7701090e-01
4.7440900e-01 0.0000000e+00
4.8676560e-01 0.0000000e+00
0.0000000e+00 7.1472390e-01
