0.0000000e+00 0.0000000e+00
1.0000000e+00 0.0000000e+00
0.0000000e+00 1.0000000e+00
1.0000000e+00 1.0000000e+00
1.0000000e+00 1.8928990e-01
1.0000000e+00 1.8550440e-01
1.0000000e+00 9.8514890e-01
7.1273660e-01 1.0000000e+00
0.0000000e+00 7.4713960e-01
0.0000000e+00 7.9550610e-01
0.0000000e+00 3.3179610e-01
1.0000000e+00 5.7458850e-01
0.0000000e+00 5.5182430e-01
1.0000000e+00 5.0118180e-01
0.0000000e+00 8.0418680e-01
1.0000000e+00 3.5532870e-01
2.4250370e-01 0.0000000e+00
1.8694660e-01 0.0000000e+00
9.0696100e-02 0.0000000e+00
1.7396070e-01 0.0000000e+00
1.0000000e+00 4.9401890e-01
1.7113680e-01 0.0000000e+00
3.5808320e-01 0.0000000e+00
9.9477560e-01 1.0000000e+00
6.8745050e-01 1.0000000e+00
1.4085250e-01 1.0000000e+00
7.8570020e-01 0.0000000e+00
5.7742570e-01 0.0000000e+00
0.0000000e+00 8.7797850e-01
7.3368680e-01 0.0000000e+00
0.0000000e+00 5.6265770e-01
6.1841130e-01 0.0000000e+00
4.0239570e-01 0.0000000e+00
7.1383950e-01 0.0000000e+00
4.6846700e-02 0.0000000e+00
1.0000000e+00 7.7835590e-01
0.0000000e+00 1.1967810e-01
3.6252590e-01 0.0000000e+00
4.5196000e-01 0.0000000e+00
1.0000000e+00 8.2035010e-01
1.0000000e+00 5.5484180e-01
1.0000000e+00 3.9636470e-01
2.4375500e-02 1.0000000e+00
1.0000000e+00 1.3806190e-01
0.0000000e+00 9.7633300e-01
0.0000000e+00 3.4702140e-01
1.0000000e+00 7.5308450e-01
0.0000000e+00 1.9243160e-01
0.0000000e+00 6.3205340e-01
0.0000000e+00 9.6828670e-01
4.3654300e-01 0.0000000e+00
0.0000000e+00 6.2340600e-02
0.0000000e+00 1.9433950e-01
2.4484130e-01 0.0000000e+00
1.0000000e+00 4.9122200e-01
1.0000000e+00 1.5057190e-01
7.7535200e-01 0.0000000e+00
4.5705490e-01 1.0000000e+00
6.9078720e-01 1.0000000e+00
4.7332330e-01 1.0000000e+00
1.0000000e+00 4.7241190e-01
1.0000000e+00 3.9196320e-01
7.3316900e-02 0.0000000e+00
6.7817220e-01 1.0000000e+00
7.6184520e-01 1.0000000e+00
1.0000000e+00 8.4510410e-01
0.0000000e+00 7.6841070e-01
2.0176890e-01 0.0000000e+00
0.0000000e+00 5.7858580e-01
1.0000000e+00 8.4257280e-01
1.1532080e-01 1.0000000e+00
1.0000000e+00 1.2120700e-01
0.0000000e+00 5.6287700e-01
0.0000000e+00 4.1991500e-01
1.0000000e+00 8.6275050e-01
5.3748170e-01 1.0000000e+00
6.2627760e-01 1.0000000e+00
9.6819590e-01 1.0000000e+00
0.0000000e+00 4.4451780e-01
0.0000000e+00 6.1058960e-01
6.5942370e-01 1.0000000e+00
0.0000000e+00 7.9470430e-01
8.5687700e-01 1.0000000e+00
1.0000000e+00 8.4050210e-01
8.2482920e-01 0.0000000e+00
0.0000000e+00 8.0263010e-01
4.9865890e-01 1.0000000e+00
1.0000000e+00 7.7515900e-01
0.0000000e+00 1.8358110e-01
3.7764150e-01 0.0000000e+00
2.5807430e-01 0.0000000e+00
2.7827510e-01 0.0000000e+00
2.7537560e-01 1.0000000e+00
0.0000000e+00 3.1504300e-02
0.0000000e+00 6.7840400e-02
9.9464970e-01 0.0000000e+00
0.0000000e+00 5.0210800e-01
1.0000000e+00 8.8531370e-01
1.0000000e+00 1.6612030e-01
3.9669470e-01 1.0000000e+00
1.0000000e+00 3.3468600e-02
1.4049440e-01 1.0000000e+00
9.6178520e-01 0.0000000e+00
7.6034300e-01 0.0000000e+00
8.1608640e-01 1.0000000e+00
8.7605480e-01 1.0000000e+00
8.5669750e-01 1.0000000e+00
4.0480930e-01 0.0000000e+00
4.9141800e-02 0.0000000e+00
0.0000000e+00 2.7901330e-01
6.0645430e-01 1.0000000e+00
0.0000000e+00 9.2041600e-01
0.0000000e+00 5.2794030e-01
0.0000000e+00 5.8159970e-01
0.0000000e+00 5.5442820e-01
1.0000000e+00 3.7431740e-01
1.0000000e+00 9.8022450e-01
0.0000000e+00 3.9756510e-01
4.8408110e-01 0.0000000e+00
1.0000000e+00 5.7834200e-02
1.0000000e+00 3.0934630e-01
1.0000000e+00 7.6494760e-01
0.0000000e+00 3.0874250e-01
8.5874780e-01 1.0000000e+00
1.0000000e+00 4.0044770e-01
0.0000000e+00 7.8694410e-01
1.0000000e+00 8.4481800e-01
6.2573330e-01 0.0000000e+00
