0.0000000e+00 0.0000000e+00
1.0000000e+00 0.0000000e+00
0.0000000e+00 1.0000000e+00
1.0000000e+00 1.0000000e+00
1.8534660e-01 1.0000000e+00
0.0000000e+00 7.7045100e-02
5.9220800e-02 1.0000000e+00
0.0000000e+00 8.2470530e-01
1.0000000e+00 2.4636560e-01
8.9578970e-01 1.0000000e+00
0.0000000e+00 7.9849540e-01
1.0000000e+00 2.8445960e-01
3.8914390e-01 0.0000000e+00
7.3037710e-01 1.0000000e+00
0.0000000e+00 7.4376860e-01
2.8477800e-01 0.0000000e+00
1.0000000e+00 4.5889910e-01
3.5122270e-01 1.0000000e+00
0.0000000e+00 4.4734050e-01
3.0364140e-01 1.0000000e+00
0.0000000e+00 9.0034700e-02
1.0000000e+00 8.1123850e-01
0.0000000e+00 2.0846300e-01
2.9674530e-01 1.0000000e+00
0.0000000e+00 7.5451150e-01
1.0000000e+00 1.4937380e-01
1.0000000e+00 1.5269160e-01
0.0000000e+00 7.6556410e-01
3.5292060e-01 0.0000000e+00
0.0000000e+00 4.4203290e-01
1.0000000e+00 3.4682490e-01
7.9269830e-01 1.0000000e+00
1.0000000e+00 2.4770700e-02
1.4778260e-01 1.0000000e+00
0.0000000e+00 7.6697790e-01
0.0000000e+00 2.5477950e-01
9.6318000e-01 1.0000000e+00
7.3657360e-01 1.0000000e+00
1.0000000e+00 6.3286390e-01
0.0000000e+00 6.6102880e-01
7.0874780e-01 0.0000000e+00
6.6393050e-01 0.0000000e+00
1.7622750e-01 1.0000000e+00
0.0000000e+00 4.7202260e-01
5.3764310e-01 0.0000000e+00
1.0000000e+00 7.2785010e-01
0.0000000e+00 3.6912170e-01
0.0000000e+00 4.4375390e-01
0.0000000e+00 1.9477910e-01
6.4121930e-01 1.0000000e+00
2.9068110e-01 0.0000000e+00
0.0000000e+00 3.9363070e-01
0.0000000e+00 8.3399550e-01
9.2598390e-01 0.0000000e+00
9.5847670e-01 1.0000000e+00
9.0306170e-01 0.0000000e+00
1.0000000e+00 1.9512840e-01
5.7619400e-02 0.0000000e+00
1.0000000e+00 7.5766400e-02
7.2951150e-01 1.0000000e+00
1.0000000e+00 1.7243150e-01
6.8365010e-01 1.0000000e+00
5.6845430e-01 0.0000000e+00
0.0000000e+00 3.8698230e-01
3.6166260e-01 1.0000000e+00
5.2599920e-01 1.0000000e+00
6.4039070e-01 0.0000000e+00
1.0000000e+00 8.0332740e-01
1.0000000e+00 5.0255670e-01
1.0000000e+00 5.8985300e-01
5.0405430e-01 0.0000000e+00
3.4019610e-01 1.0000000e+00
4.7063910e-01 0.0000000e+00
8.0511920e-01 0.0000000e+00
4.5853110e-01 1.0000000e+00
1.0000000e+00 1.1036130e-01
3.5888870e-01 1.0000000e+00
1.0000000e+00 6.5884550e-01
1.1606140e-01 0.0000000e+00
1.0000000e+00 4.2357200e-01
6.0325210e-01 0.0000000e+00
1.0000000e+00 1.3817270e-01
0.0000000e+00 2.3904370e-01
3.0562350e-01 1.0000000e+00
4.7957230e-01 1.0000000e+00
0.0000000e+00 8.0774200e-02
1.0000000e+00 4.9595920e-01
2.2592210e-01 1.0000000e+00
3.0786320e-01 1.0000000e+00
0.0000000e+00 3.6772080e-01
5.1400740e-01 0.0000000e+00
8.1689330e-01 0.0000000e+00
1.0000000e+00 1.1806700e-01
0.0000000e+00 6.9373420e-01
0.0000000e+00 3.4651340e-01
5.3501540e-01 0.0000000e+00
1.8385030e-01 0.0000000e+00
1.0000000e+00 5.3092480e-01
3.2595130e-01 1.0000000e+00
0.0000000e+00 5.2011100e-01
3.8792210e-01 1.0000000e+00
7.3470090e-01 1.0000000e+00
3.1038200e-02 1.0000000e+00
0.0000000e+00 4.7547290e-01
0.0000000e+00 2.0619610e-01
1.0000000e+00 6.6395260e-01
3.5370730e-01 0.0000000e+00
4.1985290e-01 0.0000000e+00
1.0000000e+00 5.5155810e-01
1.0000000e+00 1.9593260e-01
1.0000000e+00 7.0918500e-02
6.1528660e-01 1.0000000e+00
1.0000000e+00 1.7824510e-01
3.0574540e-01 0.0000000e+00
0.0000000e+00 8.0273290e-01
1.0000000e+00 9.3792440e-01
4.6264500e-01 1.0000000e+00
3.2629460e-01 1.0000000e+00
1.0000000e+00 8.6317060e-01
1.0000000e+00 4.5704600e-01
3.4546590e-01 0.0000000e+00
4.2113060e-01 0.0000000e+00
0.0000000e+00 9.3709740e-01
0.0000000e+00 7.6468840e-01
1.0000000e+00 3.7664880e-01
1.0000000e+00 3.8133000e-01
0.0000000e+00 3.9265700e-02
1.0000000e+00 3.4607000e-01
