7.0257630e-01 0.0000000e+00
9.5960020e-01 0.0000000e+00
0.0000000e+00 3.7474170e-01
0.0000000e+00 5.0267480e-01
4.7014110e-01 0.0000000e+00
3.1440990e-01 0.0000000e+00
5.4578380e-01 0.0000000e+00
5.8803460e-01 0.0000000e+00
6.6699820e-01 0.0000000e+00
1.3298150e-01 0.0000000e+00
9.6494660e-01 0.0000000e+00
0.0000000e+00 8.3217790e-01
6.4971790e-01 1.0000000e+00
1.0000000e+00 1.7568540e-01
2.8895940e-01 1.0000000e+00
0.0000000e+00 9.6026750e-01
1.0000000e+00 6.5579450e-01
1.0000000e+00 4.5580640e-01
7.9796780e-01 0.0000000e+00
1.0000000e+00 8.3975990e-01
0.0000000e+00 9.3206390e-01
6.5124710e-01 1.0000000e+00
6.7154740e-01 1.0000000e+00
1.0000000e+00 6.5758270e-01
0.0000000e+00 6.2173800e-01
9.2188500e-01 1.0000000e+00
0.0000000e+00 9.0946790e-01
0.0000000e+00 8.8668710e-01
0.0000000e+00 3.4648650e-01
1.0000000e+00 8.5672520e-01
9.3821790e-01 0.0000000e+00
0.0000000e+00 2.4050000e-03
0.0000000e+00 0.0000000e+00
0.0000000e+00 4.5162270e-01
1.0000000e+00 4.2273420e-01
5.8116740e-01 0.0000000e+00
0.0000000e+00 8.6111320e-01
0.0000000e+00 4.5564660e-01
0.0000000e+00 3.6057910e-01
1.0000000e+00 3.5909430e-01
1.0000000e+00 1.6529200e-02
5.5991120e-01 0.0000000e+00
1.0000000e+00 1.4193200e-02
9.1205330e-01 1.0000000e+00
1.0000000e+00 1.8624930e-01
1.0000000e+00 9.1072000e-01
1.5660750e-01 1.0000000e+00
1.6672160e-01 1.0000000e+00
1.0000000e+00 6.3126480e-01
0.0000000e+00 5.6621190e-01
5.3730430e-01 0.0000000e+00
6.5677050e-01 1.0000000e+00
9.2757810e-01 1.0000000e+00
0.0000000e+00 5.6858940e-01
9.8202570e-01 1.0000000e+00
0.0000000e+00 9.0392810e-01
3.1580500e-01 1.0000000e+00
7.3112200e-02 1.0000000e+00
1.0000000e+00 7.2215450e-01
1.0000000e+00 4.5172410e-01
9.5827580e-01 1.0000000e+00
4.0050840e-01 1.0000000e+00
1.0000000e+00 8.4396470e-01
1.0000000e+00 5.4229940e-01
7.2077720e-01 1.0000000e+00
4.2460650e-01 1.0000000e+00
9.6548980e-01 0.0000000e+00
7.7029200e-02 0.0000000e+00
6.2230610e-01 1.0000000e+00
1.0000000e+00 0.0000000e+00
3.9325640e-01 0.0000000e+00
1.8494470e-01 1.0000000e+00
5.6557490e-01 1.0000000e+00
1.0000000e+00 8.9650610e-01
1.0000000e+00 5.2845830e-01
1.0000000e+00 2.8149270e-01
0.0000000e+00 3.6632960e-01
1.0000000e+00 6.1781860e-01
1.0000000e+00 6.1911980e-01
0.0000000e+00 9.4843280e-01
6.7134800e-01 0.0000000e+00
0.0000000e+00 6.3239820e-01
0.0000000e+00 2.9971000e-02
9.2401940e-01 0.0000000e+00
6.7745220e-01 1.0000000e+00
0.0000000e+00 8.0783470e-01
1.0000000e+00 8.6978170e-01
3.4673550e-01 1.0000000e+00
6.0312200e-01 0.0000000e+00
0.0000000e+00 8.1281500e-01
0.0000000e+00 2.1702320e-01
2.1306630e-01 1.0000000e+00
0.0000000e+00 1.6010890e-01
8.7190000e-02 1.0000000e+00
1.0000000e+00 1.3628460e-01
0.0000000e+00 8.8593390e-01
0.0000000e+00 4.6372570e-01
3.1030410e-01 1.0000000e+00
1.7108660e-01 0.0000000e+00
2.3174780e-01 1.0000000e+00
7.6111250e-01 0.0000000e+00
9.5990300e-02 0.0000000e+00
1.0000000e+00 4.6418540e-01
0.0000000e+00 9.8682200e-02
1.5756050e-01 0.0000000e+00
3.7311990e-01 0.0000000e+00
1.0000000e+00 6.2897470e-01
1.6717340e-01 0.0000000e+00
8.1251650e-01 1.0000000e+00
1.0000000e+00 5.9233000e-01
0.0000000e+00 7.3240610e-01
1.0000000e+00 8.4567860e-01
0.0000000e+00 1.0000000e+00
0.0000000e+00 4.5132580e-01
7.1123970e-01 1.0000000e+00
7.6016260e-01 1.0000000e+00
1.0000000e+00 5.3414660e-01
1.0000000e+00 8.3699200e-01
0.0000000e+00 2.5624630e-01
1.0000000e+00 8.1789710e-01
1.0000000e+00 9.2735810e-01
1.0000000e+00 1.0000000e+00
0.0000000e+00 6.4006610e-01
1.0000000e+00 3.8631460e-01
8.6250280e-01 1.0000000e+00
3.7948460e-01 0.0000000e+00
2.9067270e-01 0.0000000e+00
1.0000000e+00 3.2791020e-01
