1.0000000e+00 1.0805830e-01
3.2115290e-01 1.0000000e+00
1.0000000e+00 8.6769930e-01
0.0000000e+00 9.4145470e-01
1.0000000e+00 3.9391900e-01
0.0000000e+00 3.8953060e-01
0.0000000e+00 4.1700850e-01
9.3094850e-01 0.0000000e+00
2.5283330e-01 1.0000000e+00
1.0000000e+00 9.5474660e-01
0.0000000e+00 4.8859120e-01
2.0382630e-01 1.0000000e+00
2.9808710e-01 1.0000000e+00
8.4283740e-01 1.0000000e+00
0.0000000e+00 3.0676870e-01
9.9350760e-01 0.0000000e+00
6.9364580e-01 0.0000000e+00
1.0000000e+00 7.3711160e-01
1.0000000e+00 4.6288780e-01
1.0000000e+00 4.5050900e-02
2.6419210e-01 1.0000000e+00
5.6705680e-01 0.0000000e+00
8.5328050e-01 0.0000000e+00
0.0000000e+00 0.0000000e+00
0.0000000e+00 7.1027400e-01
0.0000000e+00 7.5556420e-01
8.8649620e-01 1.0000000e+00
1.0000000e+00 1.9062880e-01
0.0000000e+00 7.6531870e-01
1.5583960e-01 0.0000000e+00
0.0000000e+00 9.4303180e-01
3.7181020e-01 1.0000000e+00
9.3209530e-01 1.0000000e+00
1.0000000e+00 6.2398840e-01
0.0000000e+00 2.3823440e-01
1.0000000e+00 4.5942010e-01
8.3542420e-01 1.0000000e+00
8.3713380e-01 1.0000000e+00
1.0000000e+00 6.6937310e-01
0.0000000e+00 8.2146600e-02
1.0000000e+00 2.0582560e-01
1.1779080e-01 1.0000000e+00
1.0000000e+00 1.7809430e-01
1.7088390e-01 1.0000000e+00
6.6202770e-01 1.0000000e+00
9.0640820e-01 1.0000000e+00
4.0922020e-01 1.0000000e+00
0.0000000e+00 6.4340510e-01
5.9244990e-01 1.0000000e+00
1.0000000e+00 6.2758860e-01
0.0000000e+00 1.5825310e-01
5.9267600e-02 1.0000000e+00
5.8844260e-01 0.0000000e+00
2.8885570e-01 0.0000000e+00
1.2707110e-01 0.0000000e+00
6.0126150e-01 1.0000000e+00
0.0000000e+00 5.4850980e-01
6.5031800e-02 0.0000000e+00
0.0000000e+00 7.3146200e-02
1.0000000e+00 8.3297480e-01
5.2813310e-01 0.0000000e+00
0.0000000e+00 3.5529950e-01
4.1270210e-01 1.0000000e+00
4.2037460e-01 1.0000000e+00
4.8427950e-01 1.0000000e+00
8.4520690e-01 0.0000000e+00
1.0000000e+00 0.0000000e+00
1.0000000e+00 2.7369300e-02
1.0000000e+00 2.9796310e-01
8.2614410e-01 1.0000000e+00
0.0000000e+00 3.8278800e-01
0.0000000e+00 3.0147360e-01
0.0000000e+00 7.3857300e-01
1.0000000e+00 6.4527500e-01
1.0000000e+00 2.9935340e-01
5.0865000e-02 0.0000000e+00
0.0000000e+00 6.6078620e-01
1.0000000e+00 7.9457530e-01
2.9257150e-01 1.0000000e+00
4.5205420e-01 1.0000000e+00
0.0000000e+00 6.4654200e-01
0.0000000e+00 9.6338460e-01
0.0000000e+00 3.2460030e-01
0.0000000e+00 1.8929560e-01
3.5313630e-01 1.0000000e+00
8.0044920e-01 1.0000000e+00
8.5566090e-01 0.0000000e+00
1.0000000e+00 4.6927000e-01
6.1486900e-01 1.0000000e+00
4.4482370e-01 0.0000000e+00
5.0006290e-01 0.0000000e+00
1.0000000e+00 1.1729100e-02
6.1055620e-01 1.0000000e+00
5.9342200e-02 0.0000000e+00
6.9521610e-01 0.0000000e+00
1.0000000e+00 4.2158270e-01
7.3011570e-01 1.0000000e+00
5.6567430e-01 0.0000000e+00
1.2949420e-01 0.0000000e+00
0.0000000e+00 4.2103380e-01
1.0000000e+00 1.8322810e-01
1.0000000e+00 1.2667140e-01
8.9136250e-01 1.0000000e+00
1.0000000e+00 7.4775000e-03
0.0000000e+00 1.7877480e-01
6.8606660e-01 0.0000000e+00
6.6674330e-01 1.0000000e+00
8.7622260e-01 1.0000000e+00
2.7122910e-01 1.0000000e+00
3.8724170e-01 1.0000000e+00
1.0000000e+00 5.3811710e-01
0.0000000e+00 1.0000000e+00
0.0000000e+00 4.2704950e-01
8.9167200e-02 1.0000000e+00
5.9988710e-01 0.0000000e+00
7.4460020e-01 1.0000000e+00
5.4427500e-01 0.0000000e+00
6.6311410e-01 1.0000000e+00
6.3880400e-01 1.0000000e+00
6.3106250e-01 1.0000000e+00
8.4402260e-01 0.0000000e+00
6.9858920e-01 1.0000000e+00
1.0000000e+00 1.0000000e+00
1.8512050e-01 1.0000000e+00
4.5060500e-02 0.0000000e+00
1.0000000e+00 8.0831300e-02
0.0000000e+00 1.1733460e-01
7.9790180e-01 0.0000000e+00
