0.0000000e+00 0.0000000e+00
1.0000000e+00 0.0000000e+00
0.0000000e+00 1.0000000e+00
1.0000000e+00 1.0000000e+00
6.7990970e-01 1.0000000e+00
1.0000000e+00 9.9415540e-01
9.8443590e-01 0.0000000e+00
0.0000000e+00 1.6765300e-02
0.0000000e+00 8.3960410e-01
9.8412240e-01 0.0000000e+00
1.0000000e+00 3.5664180e-01
5.4702790e-01 0.0000000e+00
1.0000000e+00 7.6231070e-01
3.8200430e-01 1.0000000e+00
4.2769310e-01 0.0000000e+00
4.2843180e-01 0.0000000e+00
1.0000000e+00 8.5849370e-01
6.6498360e-01 0.0000000e+00
8.1322400e-01 0.0000000e+00
0.0000000e+00 7.9638890e-01
1.7398000e-01 1.0000000e+00
0.0000000e+00 3.9321650e-01
0.0000000e+00 9.3393750e-01
0.0000000e+00 8.0300630e-01
1.0000000e+00 2.0788550e-01
1.0000000e+00 4.9862280e-01
0.0000000e+00 5.4561530e-01
7.0379100e-02 1.0000000e+00
1.0000000e+00 2.8322390e-01
1.0000000e+00 2.0742200e-01
0.0000000e+00 5.1483470e-01
0.0000000e+00 6.1857390e-01
0.0000000e+00 2.6472400e-02
0.0000000e+00 6.9936360e-01
1.0000000e+00 5.6462860e-01
9.7666240e-01 1.0000000e+00
1.0000000e+00 7.1923670e-01
1.0000000e+00 4.1907400e-02
9.6446940e-01 1.0000000e+00
4.2429220e-01 1.0000000e+00
1.0000000e+00 5.7928200e-02
1.9330410e-01 1.0000000e+00
0.0000000e+00 3.6592030e-01
4.3937850e-01 0.0000000e+00
0.0000000e+00 3.5862260e-01
0.0000000e+00 7.8077350e-01
8.9296420e-01 0.0000000e+00
9.4194560e-01 0.0000000e+00
9.5260540e-01 0.0000000e+00
9.2332220e-01 1.0000000e+00
0.0000000e+00 3.1316520e-01
1.0000000e+00 8.4281840e-01
2.5543090e-01 1.0000000e+00
2.5581270e-01 0.0000000e+00
1.0000000e+00 7.1356700e-01
1.0000000e+00 1.4248940e-01
0.0000000e+00 7.2400100e-02
0.0000000e+00 7.2168390e-01
7.1354820e-01 0.0000000e+00
7.0587890e-01 1.0000000e+00
5.5451230e-01 1.0000000e+00
3.7782290e-01 1.0000000e+00
6.7658510e-01 1.0000000e+00
1.8527000e-03 0.0000000e+00
4.1457240e-01 1.0000000e+00
5.6098790e-01 0.0000000e+00
8.7553150e-01 1.0000000e+00
2.9360090e-01 0.0000000e+00
4.2042510e-01 0.0000000e+00
1.0000000e+00 9.5540570e-01
4.8657480e-01 0.0000000e+00
8.3981880e-01 0.0000000e+00
1.4964910e-01 0.0000000e+00
1.0000000e+00 5.2496870e-01
0.0000000e+00 6.0910840e-01
1.0000000e+00 2.7941040e-01
8.4214160e-01 1.0000000e+00
1.0000000e+00 8.5903460e-01
1.0000000e+00 1.3674580e-01
7.9413000e-03 1.0000000e+00
1.0000000e+00 5.0675070e-01
0.0000000e+00 6.9372950e-01
1.8587630e-01 0.0000000e+00
0.0000000e+00 7.3157870e-01
3.8557820e-01 1.0000000e+00
5.6711260e-01 1.0000000e+00
3.5948300e-02 1.0000000e+00
3.3646390e-01 1.0000000e+00
3.8287710e-01 0.0000000e+00
4.3470720e-01 1.0000000e+00
5.4593680e-01 0.0000000e+00
0.0000000e+00 9.5286380e-01
1.0000000e+00 6.7696880e-01
0.0000000e+00 6.8696650e-01
3.7842340e-01 1.0000000e+00
2.8712900e-02 0.0000000e+00
7.2122380e-01 1.0000000e+00
7.3653370e-01 0.0000000e+00
1.0000000e+00 1.3260870e-01
9.2220700e-01 1.0000000e+00
4.8791420e-01 1.0000000e+00
1.0000000e+00 2.9764920e-01
5.6929950e-01 1.0000000e+00
4.7322330e-01 1.0000000e+00
0.0000000e+00 5.4699320e-01
2.2912680e-01 1.0000000e+00
8.6797000e-02 1.0000000e+00
0.0000000e+00 4.3394880e-01
8.2319330e-01 1.0000000e+00
6.7553880e-01 1.0000000e+00
0.0000000e+00 2.7094200e-01
5.3796440e-01 1.0000000e+00
0.0000000e+00 1.3580970e-01
4.9176650e-01 0.0000000e+00
6.5587740e-01 1.0000000e+00
1.5287820e-01 1.0000000e+00
0.0000000e+00 9.9753800e-02
1.2926010e-01 1.0000000e+00
8.1683370e-01 1.0000000e+00
4.1861210e-01 1.0000000e+00
1.0000000e+00 6.9255140e-01
9.8993120e-01 1.0000000e+00
7.7881810e-01 0.0000000e+00
1.8854140e-01 1.0000000e+00
4.1013940e-01 1.0000000e+00
0.0000000e+00 5.2415330e-01
1.0000000e+00 2.4049720e-01
2.5550100e-02 1.0000000e+00
