0.0000000e+00 0.0000000e+00
1.0000000e+00 0.0000000e+00
0.0000000e+00 1.0000000e+00
1.0000000e+00 1.0000000e+00
5.4463090e-01 0.0000000e+00
2.4319930e-01 1.0000000e+00
1.0000000e+00 8.6695130e-01
8.8929400e-01 0.0000000e+00
1.0000000e+00 2.2809620e-01
1.0000000e+00 2.4548590e-01
5.5437070e-01 1.0000000e+00
3.2390170e-01 1.0000000e+00
1.0000000e+00 3.2749600e-01
9.5869910e-01 0.0000000e+00
5.7860630e-01 0.0000000e+00
0.0000000e+00 1.6460290e-01
1.5217470e-01 1.0000000e+00
1.0000000e+00 5.2272670e-01
1.0000000e+00 5.3427290e-01
8.2418930e-01 1.0000000e+00
6.6424190e-01 1.0000000e+00
1.0000000e+00 9.7291920e-01
2.7099330e-01 0.0000000e+00
1.0000000e+00 7.4225150e-01
0.0000000e+00 3.7627100e-02
1.0000000e+00 5.6216050e-01
2.6662300e-01 1.0000000e+00
7.7389710e-01 1.0000000e+00
2.1421560e-01 0.0000000e+00
0.0000000e+00 1.5942350e-01
0.0000000e+00 7.7671370e-01
0.0000000e+00 5.7558820e-01
8.5783930e-01 1.0000000e+00
3.1369670e-01 0.0000000e+00
9.3896830e-01 1.0000000e+00
1.0000000e+00 3.4289380e-01
0.0000000e+00 5.4251620e-01
6.5337950e-01 1.0000000e+00
0.0000000e+00 2.9568610e-01
1.0000000e+00 2.4243910e-01
2.7570260e-01 0.0000000e+00
0.0000000e+00 7.6890190e-01
4.5755380e-01 0.0000000e+00
8.1690700e-02 1.0000000e+00
0.0000000e+00 9.1042440e-01
0.0000000e+00 9.5297240e-01
0.0000000e+00 9.8530440e-01
1.0000000e+00 3.1112000e-03
0.0000000e+00 9.8250670e-01
8.5506410e-01 0.0000000e+00
1.0000000e+00 4.0010000e-02
0.0000000e+00 3.0513120e-01
5.4693570e-01 0.0000000e+00
0.0000000e+00 9.8752770e-01
1.0000000e+00 9.8861950e-01
1.0000000e+00 4.7623000e-01
0.0000000e+00 4.9549380e-01
3.2728980e-01 0.0000000e+00
1.0000000e+00 5.7174830e-01
0.0000000e+00 3.0011710e-01
1.0000000e+00 7.3056190e-01
6.3952170e-01 0.0000000e+00
1.0000000e+00 6.1711550e-01
0.0000000e+00 2.7653970e-01
0.0000000e+00 1.3374640e-01
1.0000000e+00 6.9249070e-01
4.8781420e-01 0.0000000e+00
7.7184330e-01 1.0000000e+00
0.0000000e+00 5.4699200e-01
1.0000000e+00 2.6183180e-01
1.1042600e-02 1.0000000e+00
3.1602020e-01 0.0000000e+00
0.0000000e+00 4.1896300e-02
0.0000000e+00 6.7416900e-02
3.5556610e-01 0.0000000e+00
0.0000000e+00 5.9198600e-02
1.0000000e+00 5.0278240e-01
6.3611560e-01 1.0000000e+00
0.0000000e+00 3.4717770e-01
5.7295580e-01 0.0000000e+00
5.6823240e-01 1.0000000e+00
0.0000000e+00 7.0652630e-01
9.1457830e-01 0.0000000e+00
7.7321390e-01 1.0000000e+00
0.0000000e+00 3.6694770e-01
1.0000000e+00 2.6589510e-01
1.4401690e-01 1.0000000e+00
1.0000000e+00 9.8287650e-01
4.3952910e-01 0.0000000e+00
1.5955640e-01 1.0000000e+00
1.0000000e+00 5.5497020e-01
1.0000000e+00 3.9547640e-01
0.0000000e+00 7.2052680e-01
1.7824600e-02 1.0000000e+00
8.0216280e-01 1.0000000e+00
1.0000000e+00 7.0781240e-01
1.0000000e+00 6.8877860e-01
3.7001390e-01 0.0000000e+00
1.0000000e+00 5.0096030e-01
2.3334320e-01 0.0000000e+00
3.6876580e-01 1.0000000e+00
2.0807870e-01 1.0000000e+00
9.7894310e-01 0.0000000e+00
6.0167900e-01 0.0000000e+00
8.8914550e-01 0.0000000e+00
1.0000000e+00 9.3272350e-01
1.8058940e-01 1.0000000e+00
1.0000000e+00 1.4735980e-01
4.7006590e-01 0.0000000e+00
0.0000000e+00 4.7238860e-01
6.2639850e-01 0.0000000e+00
1.1174800e-01 0.0000000e+00
5.8795190e-01 0.0000000e+00
1.0000000e+00 5.0804020e-01
2.7362980e-01 0.0000000e+00
0.0000000e+00 5.9531910e-01
0.0000000e+00 5.7344900e-01
9.0931500e-02 0.0000000e+00
4.0512140e-01 0.0000000e+00
1.0000000e+00 9.7721900e-01
1.0000000e+00 2.2153960e-01
1.7003560e-01 0.0000000e+00
0.0000000e+00 7.3324840e-01
5.5419300e-01 1.0000000e+00
4.2280350e-01 0.0000000e+00
1.0000000e+00 4.1797430e-01
3.3462050e-01 1.0000000e+00
4.1900080e-01 1.0000000e+00
