1.0000000e+00 9.3284960e-01
0.0000000e+00 7.4546130e-01
3.5654900e-01 1.0000000e+00
8.6816580e-01 0.0000000e+00
0.0000000e+00 8.6872400e-01
1.0000000e+00 8.8349960e-01
0.0000000e+00 9.4109300e-01
0.0000000e+00 8.8506650e-01
0.0000000e+00 5.2865830e-01
1.0000000e+00 3.4744300e-01
0.0000000e+00 7.1187300e-02
0.0000000e+00 8.3133750e-01
1.0000000e+00 6.9927650e-01
8.7179010e-01 0.0000000e+00
6.4389380e-01 0.0000000e+00
0.0000000e+00 4.2433780e-01
1.0000000e+00 5.3722210e-01
5.7509800e-01 1.0000000e+00
6.6800940e-01 1.0000000e+00
0.0000000e+00 4.4742990e-01
7.1888850e-01 1.0000000e+00
9.7478320e-01 1.0000000e+00
7.3163390e-01 0.0000000e+00
0.0000000e+00 9.7202310e-01
0.0000000e+00 0.0000000e+00
1.0000000e+00 6.7359860e-01
0.0000000e+00 9.5154560e-01
1.0000000e+00 5.2411170e-01
0.0000000e+00 8.0828020e-01
1.0000000e+00 7.8410780e-01
3.4024420e-01 1.0000000e+00
1.0000000e+00 7.0059100e-01
1.9852970e-01 0.0000000e+00
8.8111020e-01 0.0000000e+00
5.2114010e-01 0.0000000e+00
1.0759600e-01 1.0000000e+00
0.0000000e+00 8.4209890e-01
1.0000000e+00 7.9101250e-01
0.0000000e+00 1.0602300e-02
0.0000000e+00 8.3576600e-01
0.0000000e+00 1.3415260e-01
0.0000000e+00 9.5690750e-01
1.0000000e+00 9.2967780e-01
5.8208700e-02 1.0000000e+00
0.0000000e+00 6.0803600e-02
0.0000000e+00 1.8875900e-02
8.3689560e-01 1.0000000e+00
4.4108560e-01 1.0000000e+00
5.0867570e-01 0.0000000e+00
1.0000000e+00 7.7741800e-01
8.0865020e-01 0.0000000e+00
2.1763750e-01 1.0000000e+00
1.0000000e+00 5.6814600e-02
0.0000000e+00 3.1615300e-02
8.7632540e-01 1.0000000e+00
5.4471640e-01 1.0000000e+00
6.6875200e-02 0.0000000e+00
9.7665700e-01 0.0000000e+00
5.0256480e-01 1.0000000e+00
1.4304830e-01 1.0000000e+00
9.5292050e-01 1.0000000e+00
0.0000000e+00 5.6332040e-01
1.0000000e+00 2.7006510e-01
1.0272910e-01 0.0000000e+00
1.0000000e+00 8.7777450e-01
5.2110700e-01 0.0000000e+00
1.0000000e+00 2.7065420e-01
0.0000000e+00 1.1418200e-02
5.8796010e-01 0.0000000e+00
2.8646100e-01 0.0000000e+00
0.0000000e+00 9.7980590e-01
1.0000000e+00 5.7166410e-01
0.0000000e+00 3.0847970e-01
1.0000000e+00 9.3237130e-01
0.0000000e+00 6.9263000e-01
1.0000000e+00 0.0000000e+00
1.0000000e+00 9.0813140e-01
0.0000000e+00 3.8510100e-01
1.0000000e+00 9.8913290e-01
0.0000000e+00 1.6396650e-01
0.0000000e+00 1.6417940e-01
5.2578050e-01 0.0000000e+00
1.0000000e+00 5.2949930e-01
3.9285870e-01 0.0000000e+00
0.0000000e+00 9.6870490e-01
2.0285960e-01 0.0000000e+00
1.1238100e-01 0.0000000e+00
0.0000000e+00 7.6995600e-01
1.0000000e+00 9.1831530e-01
0.0000000e+00 6.4882650e-01
7.5728030e-01 1.0000000e+00
1.0000000e+00 3.4197600e-01
2.0088440e-01 0.0000000e+00
1.0276970e-01 1.0000000e+00
1.0000000e+00 5.3855190e-01
9.2864100e-02 0.0000000e+00
7.2350490e-01 0.0000000e+00
6.6763270e-01 1.0000000e+00
7.4645080e-01 1.0000000e+00
0.0000000e+00 6.0319590e-01
0.0000000e+00 5.3143650e-01
1.0000000e+00 3.7137670e-01
1.0000000e+00 7.0668170e-01
1.0000000e+00 3.5439760e-01
0.0000000e+00 5.7250690e-01
0.0000000e+00 8.7717830e-01
0.0000000e+00 4.9589250e-01
0.0000000e+00 8.2869290e-01
0.0000000e+00 8.5215190e-01
1.0000000e+00 4.3312270e-01
1.0000000e+00 8.6351940e-01
2.1652090e-01 1.0000000e+00
1.6355000e-01 0.0000000e+00
0.0000000e+00 1.0000000e+00
1.0000000e+00 4.5565220e-01
0.0000000e+00 5.9074120e-01
0.0000000e+00 1.8252070e-01
0.0000000e+00 4.7918550e-01
3.3010980e-01 0.0000000e+00
1.0000000e+00 7.5371680e-01
1.0000000e+00 7.8729600e-02
0.0000000e+00 7.4806050e-01
8.9910870e-01 0.0000000e+00
1.0000000e+00 1.0000000e+00
0.0000000e+00 3.5869620e-01
7.7242400e-02 1.0000000e+00
2.1403900e-01 1.0000000e+00
5.3168120e-01 0.0000000e+00
