0.0000000e+00 4.1921500e-01
0.0000000e+00 6.0304130e-01
2.7630860e-01 0.0000000e+00
1.0000000e+00 9.5674020e-01
9.2114800e-02 0.0000000e+00
6.2296920e-01 1.0000000e+00
1.0000000e+00 1.1103440e-01
8.3542570e-01 1.0000000e+00
0.0000000e+00 4.3989700e-01
0.0000000e+00 1.6069810e-01
0.0000000e+00 1.8779030e-01
8.6236100e-02 0.0000000e+00
1.0000000e+00 2.9093630e-01
2.9014050e-01 0.0000000e+00
3.8497980e-01 0.0000000e+00
0.0000000e+00 8.2291690e-01
1.0000000e+00 9.5586450e-01
0.0000000e+00 8.8011830e-01
0.0000000e+00 6.0561400e-02
3.0463210e-01 0.0000000e+00
7.0387060e-01 0.0000000e+00
6.0303480e-01 1.0000000e+00
0.0000000e+00 0.0000000e+00
1.0000000e+00 1.0229890e-01
8.2414230e-01 1.0000000e+00
2.6781300e-02 1.0000000e+00
0.0000000e+00 4.4262850e-01
1.0000000e+00 3.0380400e-01
0.0000000e+00 7.4600780e-01
1.0000000e+00 2.0515850e-01
0.0000000e+00 6.4528000e-02
7.1835670e-01 0.0000000e+00
3.1644700e-01 1.0000000e+00
1.0000000e+00 4.7937800e-01
1.0000000e+00 7.4512580e-01
8.7302210e-01 0.0000000e+00
0.0000000e+00 3.4801250e-01
2.8612000e-03 1.0000000e+00
8.2549130e-01 0.0000000e+00
6.9466900e-01 0.0000000e+00
0.0000000e+00 1.3837620e-01
0.0000000e+00 2.9023380e-01
7.9400100e-02 1.0000000e+00
0.0000000e+00 9.6074520e-01
0.0000000e+00 1.1493460e-01
0.0000000e+00 7.8878650e-01
8.3177700e-02 0.0000000e+00
5.1909020e-01 0.0000000e+00
0.0000000e+00 9.4059160e-01
0.0000000e+00 5.8156200e-02
1.0000000e+00 7.8140680e-01
0.0000000e+00 4.6534230e-01
4.8184860e-01 0.0000000e+00
0.0000000e+00 9.2712150e-01
8.1094720e-01 1.0000000e+00
0.0000000e+00 5.4301960e-01
1.9515980e-01 0.0000000e+00
0.0000000e+00 4.7796250e-01
2.8366040e-01 1.0000000e+00
0.0000000e+00 9.4048800e-02
5.9849540e-01 0.0000000e+00
0.0000000e+00 5.1283350e-01
3.3068410e-01 0.0000000e+00
1.0000000e+00 9.2591990e-01
2.4540200e-01 1.0000000e+00
1.0000000e+00 3.8919830e-01
1.0000000e+00 4.6683240e-01
6.1336210e-01 0.0000000e+00
0.0000000e+00 5.7858620e-01
2.0682420e-01 1.0000000e+00
2.3252150e-01 0.0000000e+00
1.0000000e+00 0.0000000e+00
1.0000000e+00 2.9216820e-01
1.5419730e-01 1.0000000e+00
1.0000000e+00 7.8961130e-01
8.9332030e-01 1.0000000e+00
8.9286670e-01 1.0000000e+00
4.4808380e-01 0.0000000e+00
4.1658800e-02 0.0000000e+00
4.9905210e-01 1.0000000e+00
5.9990230e-01 1.0000000e+00
0.0000000e+00 6.7791910e-01
1.6005310e-01 1.0000000e+00
0.0000000e+00 9.7237180e-01
8.9910320e-01 0.0000000e+00
9.3353170e-01 1.0000000e+00
1.1918810e-01 0.0000000e+00
0.0000000e+00 3.7923800e-01
2.5299900e-02 1.0000000e+00
0.0000000e+00 3.6262850e-01
0.0000000e+00 2.0630430e-01
0.0000000e+00 5.6894830e-01
2.9555340e-01 1.0000000e+00
2.3270530e-01 1.0000000e+00
7.8162310e-01 1.0000000e+00
7.2743020e-01 1.0000000e+00
9.6466660e-01 1.0000000e+00
0.0000000e+00 7.9009710e-01
0.0000000e+00 7.7662180e-01
3.3864320e-01 1.0000000e+00
1.0000000e+00 5.5790420e-01
2.8921790e-01 1.0000000e+00
0.0000000e+00 8.0352510e-01
6.0508710e-01 0.0000000e+00
1.0000000e+00 3.4181240e-01
9.5142730e-01 1.0000000e+00
0.0000000e+00 9.8334470e-01
0.0000000e+00 1.8319410e-01
1.0000000e+00 3.0122590e-01
0.0000000e+00 8.2520380e-01
2.8346700e-02 1.0000000e+00
0.0000000e+00 3.5915790e-01
9.7750030e-01 1.0000000e+00
0.0000000e+00 1.0000000e+00
2.3815930e-01 1.0000000e+00
1.0000000e+00 9.5647400e-02
7.0423800e-02 1.0000000e+00
1.0000000e+00 2.9500840e-01
1.0000000e+00 6.1383720e-01
9.7582680e-01 1.0000000e+00
2.4622220e-01 1.0000000e+00
1.0000000e+00 2.4664970e-01
1.0000000e+00 1.0000000e+00
5.5841210e-01 0.0000000e+00
4.4189700e-01 1.0000000e+00
4.8205700e-01 1.0000000e+00
0.0000000e+00 7.8491360e-01
1.0000000e+00 3.8311010e-01
