0.0000000e+00 9.7042310e-01
0.0000000e+00 4.3232610e-01
1.8226290e-01 0.0000000e+00
0.0000000e+00 6.3160750e-01
1.8106640e-01 0.0000000e+00
0.0000000e+00 7.6599900e-01
3.5145570e-01 1.0000000e+00
3.1813940e-01 0.0000000e+00
2.4671370e-01 1.0000000e+00
8.9058640e-01 1.0000000e+00
0.0000000e+00 1.9120770e-01
1.0000000e+00 9.3034360e-01
0.0000000e+00 6.4601570e-01
4.0237760e-01 1.0000000e+00
6.6137540e-01 1.0000000e+00
6.5751800e-01 0.0000000e+00
5.1105630e-01 0.0000000e+00
1.0000000e+00 4.6829720e-01
0.0000000e+00 3.8284800e-02
0.0000000e+00 4.3363630e-01
0.0000000e+00 8.5073050e-01
1.0000000e+00 5.1188010e-01
1.8596150e-01 0.0000000e+00
1.0000000e+00 2.6225630e-01
0.0000000e+00 6.9701180e-01
0.0000000e+00 0.0000000e+00
0.0000000e+00 3.9483500e-02
2.9193190e-01 1.0000000e+00
0.0000000e+00 4.2889600e-02
4.5512100e-01 1.0000000e+00
1.0000000e+00 1.0591900e-01
7.4358700e-01 0.0000000e+00
0.0000000e+00 8.3257120e-01
2.8492900e-02 0.0000000e+00
1.1329720e-01 0.0000000e+00
3.9379580e-01 1.0000000e+00
1.0000000e+00 2.2622390e-01
0.0000000e+00 5.6950560e-01
9.9576500e-02 0.0000000e+00
2.4085660e-01 0.0000000e+00
1.0000000e+00 6.1632140e-01
1.0000000e+00 3.0084780e-01
0.0000000e+00 1.2676220e-01
5.6047490e-01 0.0000000e+00
4.1163870e-01 1.0000000e+00
0.0000000e+00 9.7838260e-01
6.4435330e-01 1.0000000e+00
0.0000000e+00 2.5645500e-01
8.8671600e-02 0.0000000e+00
1.0000000e+00 1.8538880e-01
0.0000000e+00 2.7285970e-01
2.2134740e-01 0.0000000e+00
0.0000000e+00 6.3905980e-01
1.6831970e-01 0.0000000e+00
0.0000000e+00 7.5047680e-01
6.3137640e-01 1.0000000e+00
6.9952580e-01 1.0000000e+00
1.5977190e-01 0.0000000e+00
0.0000000e+00 8.5548070e-01
3.0853130e-01 0.0000000e+00
0.0000000e+00 7.0871810e-01
0.0000000e+00 5.2665560e-01
5.8298500e-01 1.0000000e+00
1.0000000e+00 5.4381840e-01
1.0000000e+00 8.5616500e-02
5.6771840e-01 0.0000000e+00
0.0000000e+00 8.1295870e-01
6.5551530e-01 1.0000000e+00
0.0000000e+00 6.6477300e-01
5.6989940e-01 0.0000000e+00
1.1393380e-01 1.0000000e+00
7.1290460e-01 1.0000000e+00
3.8952590e-01 0.0000000e+00
1.0000000e+00 0.0000000e+00
1.0000000e+00 3.7294210e-01
1.0000000e+00 9.2287980e-01
1.0000000e+00 6.8190730e-01
1.0000000e+00 9.1376570e-01
0.0000000e+00 4.5486990e-01
3.3001190e-01 0.0000000e+00
1.0000000e+00 5.6466030e-01
9.2885060e-01 0.0000000e+00
1.0000000e+00 6.4670810e-01
6.0948000e-03 1.0000000e+00
0.0000000e+00 2.5220030e-01
6.9906470e-01 0.0000000e+00
4.5645750e-01 1.0000000e+00
8.5080370e-01 0.0000000e+00
3.5831500e-01 0.0000000e+00
2.3512120e-01 1.0000000e+00
1.0000000e+00 6.8911220e-01
6.2125600e-01 0.0000000e+00
1.0000000e+00 5.6206110e-01
1.0000000e+00 3.0420150e-01
6.3706020e-01 1.0000000e+00
9.4225960e-01 1.0000000e+00
2.9806750e-01 1.0000000e+00
9.4405800e-02 0.0000000e+00
0.0000000e+00 2.0311470e-01
1.0000000e+00 9.6437430e-01
1.1072760e-01 1.0000000e+00
0.0000000e+00 3.1679180e-01
1.1186520e-01 0.0000000e+00
6.0230390e-01 0.0000000e+00
1.5015900e-01 1.0000000e+00
0.0000000e+00 7.2258440e-01
1.0000000e+00 3.3705970e-01
6.2998640e-01 1.0000000e+00
0.0000000e+00 7.8192850e-01
1.0000000e+00 9.4370110e-01
0.0000000e+00 5.8881140e-01
1.0000000e+00 9.8692700e-02
0.0000000e+00 1.0000000e+00
8.2580060e-01 1.0000000e+00
9.0631500e-01 1.0000000e+00
6.6814340e-01 0.0000000e+00
5.0891960e-01 0.0000000e+00
7.4233200e-01 0.0000000e+00
2.7026790e-01 0.0000000e+00
1.0000000e+00 5.2121330e-01
1.0000000e+00 9.5477420e-01
1.0000000e+00 1.0000000e+00
1.8756400e-01 0.0000000e+00
0.0000000e+00 7.0531750e-01
1.0000000e+00 2.1598510e-01
9.4184670e-01 1.0000000e+00
1.0000000e+00 6.1296330e-01
0.0000000e+00 1.0377600e-02
