0.0000000e+00 0.0000000e+00
1.0000000e+00 0.0000000e+00
0.0000000e+00 1.0000000e+00
1.0000000e+00 1.0000000e+00
0.0000000e+00 1.2715500e-01
1.0000000e+00 6.6716450e-01
6.1856100e-01 0.0000000e+00
1.0000000e+00 9.7474160e-01
3.2022850e-01 1.0000000e+00
0.0000000e+00 6.8159830e-01
0.0000000e+00 5.6171440e-01
1.0000000e+00 6.8510930e-01
6.4261450e-01 0.0000000e+00
0.0000000e+00 6.7034030e-01
1.0000000e+00 3.4150170e-01
1.8554700e-01 1.0000000e+00
6.2364620e-01 1.0000000e+00
9.7688650e-01 0.0000000e+00
1.0000000e+00 5.1562970e-01
7.4582220e-01 1.0000000e+00
9.6013840e-01 0.0000000e+00
1.0000000e+00 5.4419110e-01
1.0000000e+00 7.3664770e-01
0.0000000e+00 9.4673200e-02
1.0000000e+00 6.3152450e-01
9.0169960e-01 0.0000000e+00
6.5135800e-02 1.0000000e+00
0.0000000e+00 8.3570120e-01
1.0000000e+00 1.3869870e-01
9.7011600e-02 0.0000000e+00
0.0000000e+00 5.3690900e-01
0.0000000e+00 8.1384330e-01
1.0000000e+00 1.0714080e-01
1.0000000e+00 8.9733720e-01
6.5078510e-01 1.0000000e+00
1.0000000e+00 3.5814180e-01
0.0000000e+00 4.2882990e-01
0.0000000e+00 5.0128570e-01
0.0000000e+00 5.8195210e-01
1.0000000e+00 9.3943300e-01
4.7612380e-01 1.0000000e+00
1.0000000e+00 6.3022800e-02
0.0000000e+00 5.5300290e-01
1.0000000e+00 3.0225620e-01
1.0000000e+00 4.3967480e-01
3.0511340e-01 1.0000000e+00
9.5304690e-01 1.0000000e+00
4.4169780e-01 1.0000000e+00
1.1461480e-01 0.0000000e+00
5.8995230e-01 0.0000000e+00
1.0000000e+00 7.7997460e-01
5.8822760e-01 0.0000000e+00
8.7730820e-01 0.0000000e+00
3.2483040e-01 0.0000000e+00
0.0000000e+00 9.4787380e-01
1.0000000e+00 5.2824200e-02
3.0482800e-01 1.0000000e+00
2.3100930e-01 0.0000000e+00
2.8949700e-02 0.0000000e+00
5.5994290e-01 1.0000000e+00
9.2406420e-01 0.0000000e+00
6.0396640e-01 0.0000000e+00
1.0000000e+00 3.8686270e-01
4.3869940e-01 0.0000000e+00
6.2158020e-01 0.0000000e+00
0.0000000e+00 4.2976280e-01
1.0000000e+00 1.3510820e-01
0.0000000e+00 4.5848770e-01
6.8082030e-01 1.0000000e+00
9.3100100e-01 1.0000000e+00
4.4998090e-01 0.0000000e+00
3.9422750e-01 0.0000000e+00
4.2716390e-01 0.0000000e+00
3.2539920e-01 0.0000000e+00
4.1458500e-01 0.0000000e+00
1.0000000e+00 9.5427530e-01
2.1854310e-01 0.0000000e+00
1.0000000e+00 3.4373270e-01
1.0000000e+00 6.0261300e-01
0.0000000e+00 2.1286520e-01
8.8326810e-01 1.0000000e+00
0.0000000e+00 2.0982230e-01
0.0000000e+00 6.7901310e-01
1.1460860e-01 0.0000000e+00
1.0000000e+00 1.5349480e-01
2.1746320e-01 0.0000000e+00
7.6323480e-01 1.0000000e+00
1.0790880e-01 1.0000000e+00
1.5670870e-01 0.0000000e+00
0.0000000e+00 3.9418380e-01
0.0000000e+00 1.0077690e-01
3.3125080e-01 1.0000000e+00
0.0000000e+00 2.0850570e-01
2.7596290e-01 1.0000000e+00
8.3951100e-02 1.0000000e+00
8.4077610e-01 1.0000000e+00
6.3700520e-01 0.0000000e+00
1.0000000e+00 4.7261110e-01
6.0668640e-01 1.0000000e+00
2.9248560e-01 0.0000000e+00
6.6842050e-01 0.0000000e+00
0.0000000e+00 3.5713560e-01
4.0929500e-02 0.0000000e+00
8.6898580e-01 1.0000000e+00
0.0000000e+00 9.8398920e-01
1.0000000e+00 9.0715370e-01
1.0000000e+00 1.0041520e-01
0.0000000e+00 5.6343070e-01
0.0000000e+00 9.4308870e-01
0.0000000e+00 5.2213700e-01
6.7047490e-01 1.0000000e+00
6.2218050e-01 1.0000000e+00
2.6381260e-01 0.0000000e+00
3.3244500e-02 1.0000000e+00
7.7206420e-01 0.0000000e+00
6.6403200e-01 1.0000000e+00
0.0000000e+00 8.4643600e-01
0.0000000e+00 5.5890330e-01
3.7546760e-01 0.0000000e+00
9.6442170e-01 1.0000000e+00
0.0000000e+00 8.9902880e-01
0.0000000e+00 6.4610360e-01
0.0000000e+00 3.1781090e-01
6.5693870e-01 1.0000000e+00
7.1867990e-01 1.0000000e+00
0.0000000e+00 7.4238760e-01
8.7342630e-01 1.0000000e+00
3.8918010e-01 1.0000000e+00
