0.0000000e+00 0.0000000e+00
1.0000000e+00 0.0000000e+00
0.0000000e+00 1.0000000e+00
1.0000000e+00 1.0000000e+00
1.7458400e-01 1.0000000e+00
0.0000000e+00 4.2870500e-02
0.0000000e+00 8.3003790e-01
4.8999120e-01 1.0000000e+00
5.3103700e-01 0.0000000e+00
1.0000000e+00 3.6709500e-02
1.0000000e+00 9.9760040e-01
5.1258800e-01 0.0000000e+00
5.0857250e-01 1.0000000e+00
0.0000000e+00 8.4758300e-01
4.5667010e-01 1.0000000e+00
6.7515400e-02 0.0000000e+00
0.0000000e+00 6.0744360e-01
1.0000000e+00 7.1807550e-01
1.0000000e+00 7.2518910e-01
1.0000000e+00 1.4009960e-01
1.0000000e+00 6.5005440e-01
0.0000000e+00 8.9619610e-01
6.4554930e-01 0.0000000e+00
0.0000000e+00 9.2884430e-01
9.7342000e-01 1.0000000e+00
0.0000000e+00 2.7828370e-01
0.0000000e+00 2.4113540e-01
8.4941670e-01 0.0000000e+00
0.0000000e+00 1.7201280e-01
3.0858110e-01 1.0000000e+00
6.6791990e-01 0.0000000e+00
9.1548090e-01 1.0000000e+00
1.0000000e+00 6.2597680e-01
4.8049980e-01 0.0000000e+00
7.7832450e-01 0.0000000e+00
1.0000000e+00 1.6261480e-01
2.9592670e-01 0.0000000e+00
0.0000000e+00 4.9390400e-02
7.1287050e-01 1.0000000e+00
6.9203170e-01 0.0000000e+00
2.0277760e-01 1.0000000e+00
1.0000000e+00 9.7596940e-01
1.0000000e+00 7.4909590e-01
1.0000000e+00 9.2049540e-01
0.0000000e+00 2.6065790e-01
4.0037300e-01 1.0000000e+00
8.7190130e-01 1.0000000e+00
6.8433170e-01 0.0000000e+00
0.0000000e+00 1.7913770e-01
7.2469000e-01 1.0000000e+00
8.2304800e-01 1.0000000e+00
1.0000000e+00 9.6126980e-01
1.0000000e+00 7.1150740e-01
4.6345100e-01 1.0000000e+00
9.3096500e-01 0.0000000e+00
3.8959370e-01 0.0000000e+00
4.3626600e-02 0.0000000e+00
7.4740340e-01 0.0000000e+00
6.7856060e-01 1.0000000e+00
0.0000000e+00 5.5716890e-01
8.3295690e-01 1.0000000e+00
1.0000000e+00 1.9583210e-01
3.3966450e-01 0.0000000e+00
6.4879940e-01 0.0000000e+00
1.0000000e+00 8.7490840e-01
4.9838480e-01 1.0000000e+00
0.0000000e+00 3.3197660e-01
7.8071720e-01 0.0000000e+00
3.8046770e-01 0.0000000e+00
2.0148260e-01 1.0000000e+00
0.0000000e+00 4.7448810e-01
3.0481600e-02 1.0000000e+00
6.4195950e-01 1.0000000e+00
4.3601340e-01 1.0000000e+00
3.8398500e-02 0.0000000e+00
1.0000000e+00 5.9318960e-01
4.5812930e-01 0.0000000e+00
2.4268080e-01 1.0000000e+00
6.2824160e-01 1.0000000e+00
9.6158590e-01 1.0000000e+00
0.0000000e+00 7.0231820e-01
3.8906800e-02 0.0000000e+00
0.0000000e+00 9.8645210e-01
6.7402670e-01 1.0000000e+00
0.0000000e+00 6.9585170e-01
0.0000000e+00 1.9015340e-01
8.8129700e-01 1.0000000e+00
1.0000000e+00 6.1580600e-02
0.0000000e+00 7.9431130e-01
1.0000000e+00 1.5154000e-01
0.0000000e+00 2.2677010e-01
1.0000000e+00 5.6602960e-01
6.6516980e-01 1.0000000e+00
2.3083280e-01 1.0000000e+00
0.0000000e+00 2.2064930e-01
5.0858210e-01 0.0000000e+00
0.0000000e+00 8.6157350e-01
1.0000000e+00 3.5707020e-01
1.0000000e+00 5.8237590e-01
9.6275350e-01 0.0000000e+00
1.0000000e+00 1.9844090e-01
1.0000000e+00 8.9503000e-03
9.0163770e-01 1.0000000e+00
1.0930770e-01 0.0000000e+00
9.2293800e-01 0.0000000e+00
0.0000000e+00 9.9721000e-01
4.0009180e-01 0.0000000e+00
9.0120380e-01 1.0000000e+00
0.0000000e+00 2.7873720e-01
1.0000000e+00 8.9023670e-01
6.6936600e-02 1.0000000e+00
2.4618660e-01 1.0000000e+00
2.4374700e-02 1.0000000e+00
0.0000000e+00 3.8036800e-02
0.0000000e+00 7.9476730e-01
1.0000000e+00 5.1736190e-01
2.0857210e-01 0.0000000e+00
0.0000000e+00 8.1412270e-01
0.0000000e+00 8.3598260e-01
5.8897670e-01 0.0000000e+00
8.7973900e-02 0.0000000e+00
1.0000000e+00 3.2009090e-01
1.0000000e+00 7.8812110e-01
0.0000000e+00 3.6297130e-01
5.6442260e-01 0.0000000e+00
7.2896070e-01 1.0000000e+00
1.0000000e+00 5.0608670e-01
1.0000000e+00 9.1212990e-01
