0.0000000e+00 0.0000000e+00
1.0000000e+00 0.0000000e+00
0.0000000e+00 1.0000000e+00
1.0000000e+00 1.0000000e+00
1.0000000e+00 7.9211200e-02
2.4641470e-01 0.0000000e+00
0.0000000e+00 5.4597720e-01
5.4187940e-01 1.0000000e+00
2.9234840e-01 0.0000000e+00
1.0000000e+00 8.4261890e-01
1.0000000e+00 3.6898520e-01
1.0000000e+00 8.4164940e-01
8.7550760e-01 0.0000000e+00
0.0000000e+00 9.6345360e-01
0.0000000e+00 9.4570240e-01
1.0000000e+00 9.2500760e-01
6.3769830e-01 1.0000000e+00
1.0000000e+00 5.5334810e-01
6.6348530e-01 0.0000000e+00
7.2901570e-01 0.0000000e+00
0.0000000e+00 7.1129800e-01
1.0000000e+00 5.3866760e-01
1.0000000e+00 3.6104220e-01
1.0000000e+00 2.7864190e-01
4.3184800e-02 0.0000000e+00
1.0000000e+00 3.5527340e-01
2.8244370e-01 0.0000000e+00
1.0000000e+00 7.7287210e-01
1.0000000e+00 4.1113670e-01
8.7007890e-01 0.0000000e+00
1.0000000e+00 8.6424180e-01
1.0000000e+00 5.9041450e-01
1.0000000e+00 3.2561000e-02
8.2999810e-01 0.0000000e+00
8.8727510e-01 0.0000000e+00
3.2312630e-01 0.0000000e+00
7.7253150e-01 0.0000000e+00
8.5306550e-01 1.0000000e+00
0.0000000e+00 6.6510610e-01
6.2011230e-01 0.0000000e+00
1.9510090e-01 0.0000000e+00
7.3360880e-01 1.0000000e+00
1.0000000e+00 6.8087230e-01
6.8841960e-01 1.0000000e+00
1.0000000e+00 5.1334790e-01
9.2821600e-01 0.0000000e+00
5.7226920e-01 1.0000000e+00
1.0000000e+00 5.7450430e-01
1.0000000e+00 1.4300000e-01
1.0000000e+00 6.0209260e-01
2.7846960e-01 1.0000000e+00
1.0000000e+00 8.7102330e-01
0.0000000e+00 7.0477040e-01
3.6941650e-01 0.0000000e+00
1.0000000e+00 1.4813880e-01
1.0000000e+00 8.3871940e-01
1.0000000e+00 5.7251160e-01
6.2109990e-01 0.0000000e+00
7.7954050e-01 0.0000000e+00
0.0000000e+00 1.1082980e-01
0.0000000e+00 4.2233250e-01
1.0000000e+00 7.2906320e-01
5.7298500e-02 0.0000000e+00
7.0379650e-01 0.0000000e+00
0.0000000e+00 1.5240810e-01
8.3952940e-01 0.0000000e+00
2.5022270e-01 0.0000000e+00
9.7071990e-01 0.0000000e+00
0.0000000e+00 4.5877070e-01
1.0000000e+00 2.5331380e-01
4.0472780e-01 0.0000000e+00
5.0863870e-01 0.0000000e+00
1.0000000e+00 9.0202380e-01
1.6380440e-01 0.0000000e+00
8.2098540e-01 1.0000000e+00
0.0000000e+00 4.6009430e-01
1.0000000e+00 3.6512000e-02
9.6942800e-01 0.0000000e+00
4.3451200e-02 0.0000000e+00
1.0000000e+00 4.8985250e-01
1.0000000e+00 2.3454150e-01
1.0000000e+00 8.6625380e-01
3.8444930e-01 0.0000000e+00
0.0000000e+00 5.7692800e-01
0.0000000e+00 1.7956120e-01
1.0000000e+00 5.0196340e-01
7.1223280e-01 1.0000000e+00
2.6133560e-01 1.0000000e+00
4.2172770e-01 1.0000000e+00
7.0956620e-01 0.0000000e+00
4.5484730e-01 0.0000000e+00
0.0000000e+00 1.7526310e-01
1.6456500e-01 0.0000000e+00
8.0527250e-01 0.0000000e+00
7.2849660e-01 1.0000000e+00
0.0000000e+00 2.9663690e-01
0.0000000e+00 8.5987830e-01
1.8237930e-01 1.0000000e+00
0.0000000e+00 7.5986910e-01
0.0000000e+00 9.6515700e-02
7.1096000e-02 0.0000000e+00
3.7721590e-01 1.0000000e+00
0.0000000e+00 4.0325500e-02
1.0000000e+00 2.7063690e-01
1.0000000e+00 5.3088220e-01
0.0000000e+00 6.1620810e-01
9.5110200e-02 1.0000000e+00
0.0000000e+00 9.1099730e-01
0.0000000e+00 6.1170990e-01
0.0000000e+00 8.9930720e-01
6.1741850e-01 1.0000000e+00
0.0000000e+00 8.5673370e-01
1.0884880e-01 0.0000000e+00
1.0000000e+00 2.7117070e-01
2.1953860e-01 1.0000000e+00
0.0000000e+00 7.0494240e-01
1.0000000e+00 9.4258770e-01
4.6526150e-01 1.0000000e+00
1.0000000e+00 3.6220930e-01
0.0000000e+00 4.1769470e-01
1.0000000e+00 4.7004290e-01
0.0000000e+00 9.8984920e-01
6.6264800e-02 1.0000000e+00
8.4873710e-01 0.0000000e+00
3.9358200e-01 1.0000000e+00
7.3993550e-01 1.0000000e+00
8.5026630e-01 1.0000000e+00
0.0000000e+00 2.6600010e-01
