0.0000000e+00 2.4443770e-01
1.0000000e+00 3.8305080e-01
1.0000000e+00 5.5003420e-01
0.0000000e+00 1.8351960e-01
3.0415430e-01 0.0000000e+00
8.0227770e-01 1.0000000e+00
0.0000000e+00 8.1351620e-01
0.0000000e+00 7.0580000e-01
4.1293750e-01 0.0000000e+00
0.0000000e+00 9.6656050e-01
7.4461180e-01 1.0000000e+00
1.0000000e+00 1.0479700e-01
1.0000000e+00 9.5331560e-01
1.0000000e+00 4.1266730e-01
1.0000000e+00 4.5371870e-01
0.0000000e+00 9.6257100e-01
0.0000000e+00 1.6007080e-01
1.0000000e+00 4.9460990e-01
0.0000000e+00 2.1087400e-02
0.0000000e+00 6.1355860e-01
2.9103780e-01 0.0000000e+00
0.0000000e+00 6.6457780e-01
6.6358900e-01 0.0000000e+00
1.0000000e+00 8.6634100e-02
9.5893870e-01 0.0000000e+00
0.0000000e+00 3.9912250e-01
0.0000000e+00 0.0000000e+00
2.1619620e-01 1.0000000e+00
0.0000000e+00 3.9839700e-01
4.7325480e-01 0.0000000e+00
0.0000000e+00 9.8489260e-01
9.2279470e-01 0.0000000e+00
4.8407260e-01 1.0000000e+00
6.0223800e-02 1.0000000e+00
3.7234860e-01 1.0000000e+00
0.0000000e+00 4.3120700e-01
0.0000000e+00 7.3912030e-01
5.1580150e-01 0.0000000e+00
4.9456410e-01 0.0000000e+00
1.0000000e+00 3.2271540e-01
1.0000000e+00 8.7239680e-01
1.0000000e+00 6.1277980e-01
6.8110190e-01 1.0000000e+00
5.0665380e-01 0.0000000e+00
1.0000000e+00 2.8492850e-01
1.0000000e+00 1.8729000e-02
8.8847290e-01 0.0000000e+00
6.1935820e-01 0.0000000e+00
6.6255750e-01 0.0000000e+00
1.0000000e+00 5.9513800e-02
3.6915100e-02 1.0000000e+00
3.9735390e-01 1.0000000e+00
2.1199770e-01 1.0000000e+00
0.0000000e+00 8.2233730e-01
4.5363860e-01 0.0000000e+00
5.2325220e-01 0.0000000e+00
0.0000000e+00 8.4575000e-02
3.6156640e-01 1.0000000e+00
0.0000000e+00 6.0794010e-01
7.7121650e-01 1.0000000e+00
0.0000000e+00 8.6039200e-01
2.8153240e-01 0.0000000e+00
4.3377430e-01 1.0000000e+00
6.6184630e-01 1.0000000e+00
0.0000000e+00 2.4009450e-01
1.0000000e+00 0.0000000e+00
1.0000000e+00 7.7144160e-01
0.0000000e+00 2.3633710e-01
0.0000000e+00 8.0786190e-01
1.0000000e+00 6.8291700e-02
8.4070600e-02 1.0000000e+00
8.7275770e-01 0.0000000e+00
0.0000000e+00 4.4146610e-01
8.4405750e-01 1.0000000e+00
1.0000000e+00 9.9036940e-01
3.0831680e-01 0.0000000e+00
0.0000000e+00 2.5988770e-01
1.0000000e+00 3.5827850e-01
3.2388000e-02 1.0000000e+00
0.0000000e+00 1.4493610e-01
1.0000000e+00 7.6637580e-01
1.0000000e+00 9.3687110e-01
4.3835480e-01 1.0000000e+00
6.1471910e-01 1.0000000e+00
6.1226380e-01 1.0000000e+00
0.0000000e+00 3.5384240e-01
0.0000000e+00 5.2617980e-01
1.0000000e+00 8.9173160e-01
0.0000000e+00 1.7454040e-01
1.0000000e+00 8.0257370e-01
1.0000000e+00 9.0081450e-01
1.0000000e+00 4.4792410e-01
2.5238880e-01 1.0000000e+00
3.6921160e-01 1.0000000e+00
8.2559280e-01 0.0000000e+00
0.0000000e+00 6.0543600e-02
3.6687580e-01 1.0000000e+00
7.6797360e-01 1.0000000e+00
1.0000000e+00 3.2411600e-01
1.0000000e+00 8.3617540e-01
0.0000000e+00 8.7210480e-01
1.0000000e+00 7.2970900e-02
3.4131140e-01 1.0000000e+00
2.5353960e-01 0.0000000e+00
2.0318870e-01 1.0000000e+00
1.0000000e+00 5.6199320e-01
0.0000000e+00 2.5402170e-01
0.0000000e+00 6.3009510e-01
9.9467180e-01 1.0000000e+00
5.3355900e-02 0.0000000e+00
1.0000000e+00 4.8330020e-01
5.4674340e-01 0.0000000e+00
0.0000000e+00 1.0000000e+00
2.6624290e-01 1.0000000e+00
7.9035130e-01 0.0000000e+00
6.5393630e-01 1.0000000e+00
8.5076360e-01 0.0000000e+00
1.0000000e+00 2.7700320e-01
1.0000000e+00 4.8332960e-01
0.0000000e+00 7.6003900e-02
1.0000000e+00 6.0408810e-01
1.0000000e+00 1.0000000e+00
4.7732360e-01 0.0000000e+00
1.0000000e+00 9.3812810e-01
1.0000000e+00 7.4295720e-01
9.5871850e-01 1.0000000e+00
5.3640040e-01 1.0000000e+00
9.0894920e-01 1.0000000e+00
