0.0000000e+00 0.0000000e+00
1.0000000e+00 0.0000000e+00
0.0000000e+00 1.0000000e+00
1.0000000e+00 1.0000000e+00
4.7183190e-01 0.0000000e+00
8.8271460e-01 0.0000000e+00
3.3084990e-01 0.0000000e+00
0.0000000e+00 9.7826290e-01
0.0000000e+00 8.4539100e-02
5.9753680e-01 1.0000000e+00
2.1969660e-01 1.0000000e+00
4.7693380e-01 1.0000000e+00
0.0000000e+00 2.4515270e-01
1.0000000e+00 7.3017220e-01
1.0000000e+00 4.4528040e-01
2.5110000e-03 0.0000000e+00
2.9400450e-01 1.0000000e+00
1.1778610e-01 1.0000000e+00
1.0000000e+00 5.4884490e-01
1.0000000e+00 5.4635000e-02
5.1915150e-01 1.0000000e+00
4.2884070e-01 1.0000000e+00
1.0000000e+00 4.9025340e-01
1.0000000e+00 5.6777330e-01
1.9201390e-01 0.0000000e+00
9.7188930e-01 0.0000000e+00
8.8611660e-01 0.0000000e+00
2.7186340e-01 1.0000000e+00
3.5382230e-01 1.0000000e+00
1.9472120e-01 0.0000000e+00
1.6865020e-01 1.0000000e+00
5.7537220e-01 1.0000000e+00
1.0000000e+00 5.6513050e-01
8.4785260e-01 1.0000000e+00
7.2164160e-01 0.0000000e+00
3.0837210e-01 0.0000000e+00
1.3963850e-01 0.0000000e+00
0.0000000e+00 9.9891900e-01
1.0000000e+00 6.6453040e-01
0.0000000e+00 1.1530380e-01
1.0000000e+00 6.1508730e-01
4.8922200e-01 1.0000000e+00
1.0000000e+00 8.7004670e-01
2.6180630e-01 1.0000000e+00
1.0000000e+00 7.9679320e-01
1.0000000e+00 6.7048000e-02
0.0000000e+00 3.1762530e-01
5.7539300e-01 0.0000000e+00
0.0000000e+00 1.5549040e-01
1.0000000e+00 5.1288670e-01
5.7649060e-01 1.0000000e+00
9.4695940e-01 0.0000000e+00
8.5181610e-01 0.0000000e+00
0.0000000e+00 6.6770110e-01
1.0000000e+00 5.7967880e-01
5.3866910e-01 0.0000000e+00
5.6803960e-01 0.0000000e+00
1.0000000e+00 4.8650640e-01
3.6693770e-01 0.0000000e+00
0.0000000e+00 7.9021900e-01
2.0795330e-01 1.0000000e+00
5.6225170e-01 0.0000000e+00
1.5876380e-01 0.0000000e+00
0.0000000e+00 4.3055000e-02
0.0000000e+00 3.8346010e-01
1.8471410e-01 1.0000000e+00
1.0000000e+00 7.1412110e-01
1.0000000e+00 9.6508390e-01
3.1576840e-01 0.0000000e+00
4.8367870e-01 1.0000000e+00
6.4283780e-01 1.0000000e+00
0.0000000e+00 7.6815610e-01
1.0000000e+00 3.6091210e-01
0.0000000e+00 5.3365860e-01
9.1479320e-01 1.0000000e+00
0.0000000e+00 7.4949900e-01
2.6515920e-01 0.0000000e+00
9.7942670e-01 1.0000000e+00
1.8563740e-01 0.0000000e+00
1.0842620e-01 0.0000000e+00
0.0000000e+00 7.6754820e-01
5.6062930e-01 1.0000000e+00
8.3840510e-01 0.0000000e+00
0.0000000e+00 5.4237550e-01
1.0000000e+00 8.1175970e-01
3.4473300e-02 0.0000000e+00
1.1042230e-01 0.0000000e+00
1.0000000e+00 7.8576820e-01
1.4990560e-01 0.0000000e+00
1.0000000e+00 6.0008780e-01
0.0000000e+00 9.8320330e-01
0.0000000e+00 2.8061400e-02
6.3880660e-01 0.0000000e+00
6.9856920e-01 0.0000000e+00
7.5099540e-01 1.0000000e+00
9.9221290e-01 1.0000000e+00
1.0000000e+00 8.3365990e-01
6.8710480e-01 0.0000000e+00
8.1707160e-01 0.0000000e+00
0.0000000e+00 7.7825990e-01
0.0000000e+00 4.5688210e-01
5.7096120e-01 1.0000000e+00
1.0616280e-01 1.0000000e+00
1.0282510e-01 0.0000000e+00
1.3795910e-01 1.0000000e+00
0.0000000e+00 7.2055590e-01
3.6841200e-01 0.0000000e+00
8.7130290e-01 0.0000000e+00
1.0000000e+00 9.2521870e-01
0.0000000e+00 4.1039130e-01
1.0000000e+00 5.8744240e-01
6.7285860e-01 1.0000000e+00
6.5189250e-01 1.0000000e+00
4.1120580e-01 1.0000000e+00
3.8339480e-01 1.0000000e+00
5.3605530e-01 1.0000000e+00
0.0000000e+00 2.7543890e-01
0.0000000e+00 1.9576570e-01
0.0000000e+00 4.5886880e-01
1.2755300e-01 1.0000000e+00
0.0000000e+00 6.9708100e-02
0.0000000e+00 4.7597190e-01
1.0000000e+00 5.5841590e-01
4.6490820e-01 1.0000000e+00
4.0421740e-01 1.0000000e+00
7.2157080e-01 0.0000000e+00
0.0000000e+00 2.1825040e-01
0.0000000e+00 9.8951970e-01
