4.2740350e-01 0.0000000e+00
4.1385220e-01 0.0000000e+00
6.9667230e-01 0.0000000e+00
3.3294640e-01 1.0000000e+00
5.5701560e-01 0.0000000e+00
0.0000000e+00 6.2280760e-01
9.3346830e-01 0.0000000e+00
1.0000000e+00 4.7308890e-01
4.8461880e-01 0.0000000e+00
1.0000000e+00 5.8720690e-01
1.0000000e+00 6.0573420e-01
0.0000000e+00 7.9800000e-04
1.0000000e+00 4.1424220e-01
0.0000000e+00 7.3074340e-01
1.7088370e-01 0.0000000e+00
4.2058280e-01 0.0000000e+00
1.0849830e-01 1.0000000e+00
5.2852210e-01 1.0000000e+00
5.0510890e-01 1.0000000e+00
1.0000000e+00 8.1014950e-01
1.0000000e+00 3.6144400e-01
1.0000000e+00 5.4626970e-01
1.0000000e+00 4.2709290e-01
0.0000000e+00 0.0000000e+00
2.0559560e-01 0.0000000e+00
4.3793720e-01 1.0000000e+00
1.6766220e-01 1.0000000e+00
1.0000000e+00 8.6415180e-01
1.0000000e+00 1.4721830e-01
0.0000000e+00 8.0898400e-01
0.0000000e+00 6.9762240e-01
5.5377550e-01 0.0000000e+00
5.2119580e-01 0.0000000e+00
1.6729980e-01 1.0000000e+00
3.4269920e-01 1.0000000e+00
0.0000000e+00 2.5238000e-01
1.3936680e-01 1.0000000e+00
9.2659840e-01 0.0000000e+00
2.2786750e-01 1.0000000e+00
1.0000000e+00 1.2381560e-01
0.0000000e+00 9.7679390e-01
6.5424870e-01 0.0000000e+00
0.0000000e+00 5.2974180e-01
0.0000000e+00 8.8015650e-01
2.0916540e-01 1.0000000e+00
1.3050670e-01 1.0000000e+00
1.0000000e+00 2.8051030e-01
7.8801920e-01 0.0000000e+00
1.0000000e+00 5.7725590e-01
6.8880220e-01 0.0000000e+00
9.0157000e-01 0.0000000e+00
1.1167260e-01 1.0000000e+00
0.0000000e+00 6.2338000e-03
2.4785580e-01 0.0000000e+00
1.0000000e+00 3.8677700e-02
4.3535330e-01 1.0000000e+00
1.0000000e+00 5.7475920e-01
2.4393710e-01 1.0000000e+00
8.3727890e-01 0.0000000e+00
0.0000000e+00 5.6581500e-02
4.3532900e-02 0.0000000e+00
0.0000000e+00 2.4744170e-01
0.0000000e+00 2.9563980e-01
1.4725210e-01 0.0000000e+00
1.7378460e-01 1.0000000e+00
1.0000000e+00 0.0000000e+00
8.7251290e-01 0.0000000e+00
1.0000000e+00 6.5189000e-02
4.2385410e-01 0.0000000e+00
1.2846890e-01 0.0000000e+00
1.3723820e-01 1.0000000e+00
0.0000000e+00 1.4086880e-01
1.6855580e-01 1.0000000e+00
5.4286770e-01 0.0000000e+00
7.7833800e-01 0.0000000e+00
0.0000000e+00 8.8217040e-01
4.6067930e-01 0.0000000e+00
0.0000000e+00 2.8478040e-01
0.0000000e+00 6.0170360e-01
9.0849310e-01 1.0000000e+00
0.0000000e+00 2.1879810e-01
0.0000000e+00 1.4976820e-01
7.2282820e-01 0.0000000e+00
2.1377810e-01 0.0000000e+00
0.0000000e+00 6.7580560e-01
3.2559640e-01 0.0000000e+00
1.0000000e+00 7.9928050e-01
4.4038850e-01 1.0000000e+00
1.0000000e+00 8.0409210e-01
0.0000000e+00 2.7660460e-01
1.0000000e+00 8.8075390e-01
0.0000000e+00 7.9659100e-01
0.0000000e+00 6.5519440e-01
7.7315450e-01 0.0000000e+00
1.0000000e+00 9.3283160e-01
6.2558100e-02 0.0000000e+00
7.4142500e-01 1.0000000e+00
7.2233350e-01 1.0000000e+00
1.0000000e+00 7.6193040e-01
6.8550000e-03 1.0000000e+00
1.0000000e+00 3.3119350e-01
1.0000000e+00 1.8992000e-02
1.0000000e+00 6.2635700e-01
1.0000000e+00 8.8992120e-01
6.9025200e-01 0.0000000e+00
7.8946760e-01 0.0000000e+00
1.0000000e+00 9.0840780e-01
4.0321560e-01 1.0000000e+00
0.0000000e+00 1.0000000e+00
5.0782390e-01 1.0000000e+00
9.5083870e-01 1.0000000e+00
1.0000000e+00 2.6318000e-01
0.0000000e+00 5.1408400e-02
1.0000000e+00 9.1385880e-01
9.9704880e-01 0.0000000e+00
8.9678940e-01 1.0000000e+00
1.0000000e+00 1.0000000e+00
2.2029370e-01 0.0000000e+00
8.0086100e-01 0.0000000e+00
1.0000000e+00 4.7621290e-01
6.7233550e-01 1.0000000e+00
6.6231920e-01 0.0000000e+00
9.6882000e-02 0.0000000e+00
1.9036870e-01 1.0000000e+00
1.0000000e+00 3.9784090e-01
1.0000000e+00 9.6698430e-01
8.2510060e-01 1.0000000e+00
0.0000000e+00 4.1997420e-01
