0.0000000e+00 0.0000000e+00
1.0000000e+00 0.0000000e+00
0.0000000e+00 1.0000000e+00
1.0000000e+00 1.0000000e+00
7.3979140e-01 0.0000000e+00
1.0000000e+00 7.9487830e-01
6.1418150e-01 0.0000000e+00
1.0000000e+00 1.6535690e-01
4.4827530e-01 0.0000000e+00
1.3006100e-02 0.0000000e+00
1.0000000e+00 2.2338650e-01
1.0000000e+00 8.3807760e-01
5.1539880e-01 1.0000000e+00
1.0000000e+00 6.1392550e-01
8.9347510e-01 0.0000000e+00
0.0000000e+00 5.5339330e-01
0.0000000e+00 2.0134220e-01
4.6610560e-01 0.0000000e+00
9.4657950e-01 0.0000000e+00
0.0000000e+00 7.0124850e-01
3.4497450e-01 0.0000000e+00
1.1821700e-01 1.0000000e+00
0.0000000e+00 6.6630590e-01
1.0470980e-01 0.0000000e+00
9.9924210e-01 1.0000000e+00
0.0000000e+00 8.8359270e-01
1.0454300e-02 0.0000000e+00
4.3880810e-01 1.0000000e+00
1.3888880e-01 0.0000000e+00
8.6461010e-01 1.0000000e+00
1.0000000e+00 8.7335290e-01
6.2541380e-01 1.0000000e+00
1.0000000e+00 3.1933340e-01
4.6701060e-01 1.0000000e+00
1.0000000e+00 2.5852700e-01
1.0000000e+00 9.3197040e-01
1.0000000e+00 3.0420360e-01
0.0000000e+00 1.5635130e-01
6.1123270e-01 0.0000000e+00
6.3590460e-01 0.0000000e+00
8.9522830e-01 0.0000000e+00
3.2209410e-01 0.0000000e+00
6.8573550e-01 1.0000000e+00
2.9125450e-01 1.0000000e+00
9.5442330e-01 1.0000000e+00
1.0000000e+00 2.5177710e-01
1.1209990e-01 0.0000000e+00
6.9105110e-01 0.0000000e+00
0.0000000e+00 4.6660400e-02
0.0000000e+00 1.0113460e-01
4.2663000e-03 0.0000000e+00
7.1962370e-01 1.0000000e+00
1.0000000e+00 3.6418750e-01
0.0000000e+00 2.2475190e-01
4.3987510e-01 0.0000000e+00
0.0000000e+00 9.0676180e-01
0.0000000e+00 7.5430290e-01
1.7269250e-01 0.0000000e+00
7.4693580e-01 1.0000000e+00
6.1220990e-01 1.0000000e+00
0.0000000e+00 2.1808040e-01
4.9559770e-01 0.0000000e+00
0.0000000e+00 4.6541600e-01
0.0000000e+00 2.8728110e-01
1.0000000e+00 5.8602550e-01
1.0000000e+00 5.3056970e-01
5.8425190e-01 1.0000000e+00
6.3594210e-01 0.0000000e+00
1.0000000e+00 5.1371230e-01
4.5264780e-01 0.0000000e+00
9.3289560e-01 1.0000000e+00
1.0000000e+00 7.8512820e-01
4.7672290e-01 1.0000000e+00
1.0000000e+00 4.5951860e-01
1.0000000e+00 7.1424800e-02
7.6315700e-01 1.0000000e+00
1.0000000e+00 5.2891390e-01
1.0000000e+00 7.3678800e-01
6.7888600e-01 0.0000000e+00
7.4540360e-01 1.0000000e+00
1.6004650e-01 0.0000000e+00
1.0000000e+00 7.1724440e-01
1.0000000e+00 9.8286710e-01
1.0000000e+00 6.1791000e-01
6.8186390e-01 1.0000000e+00
1.0000000e+00 4.6215900e-02
2.6755600e-01 1.0000000e+00
3.4625400e-01 1.0000000e+00
8.6064150e-01 0.0000000e+00
9.0339940e-01 1.0000000e+00
9.8131240e-01 1.0000000e+00
9.4001100e-01 0.0000000e+00
1.0000000e+00 9.4863380e-01
0.0000000e+00 3.9935620e-01
1.0000000e+00 9.1988700e-02
1.0000000e+00 1.7881550e-01
2.5994060e-01 1.0000000e+00
1.0000000e+00 5.0891300e-01
2.0774130e-01 0.0000000e+00
0.0000000e+00 1.5957440e-01
0.0000000e+00 9.2153360e-01
3.2584130e-01 1.0000000e+00
8.1043630e-01 0.0000000e+00
3.6108180e-01 1.0000000e+00
7.0848680e-01 1.0000000e+00
9.6637350e-01 0.0000000e+00
5.0163250e-01 1.0000000e+00
3.2720890e-01 1.0000000e+00
0.0000000e+00 5.3656020e-01
1.0429200e-01 1.0000000e+00
4.0284600e-01 1.0000000e+00
5.1079890e-01 0.0000000e+00
1.0000000e+00 3.6246250e-01
0.0000000e+00 6.6899950e-01
0.0000000e+00 4.2143500e-01
8.0019240e-01 0.0000000e+00
1.7448830e-01 0.0000000e+00
0.0000000e+00 2.0978200e-01
0.0000000e+00 6.3706490e-01
1.0000000e+00 7.3895620e-01
1.0000000e+00 8.2150530e-01
0.0000000e+00 2.7162500e-01
5.6071780e-01 1.0000000e+00
6.6409740e-01 1.0000000e+00
6.6185010e-01 0.0000000e+00
6.1367800e-02 0.0000000e+00
0.0000000e+00 8.6296940e-01
0.0000000e+00 1.0875330e-01
