1.0000000e+00 7.0893040e-01
9.5927980e-01 0.0000000e+00
8.0693560e-01 1.0000000e+00
1.0000000e+00 3.2398000e-01
0.0000000e+00 1.5126070e-01
6.8631500e-02 1.0000000e+00
0.0000000e+00 9.9150030e-01
1.0000000e+00 7.8326680e-01
0.0000000e+00 8.6151570e-01
2.8511360e-01 1.0000000e+00
4.3046570e-01 1.0000000e+00
0.0000000e+00 9.4722110e-01
2.3872690e-01 0.0000000e+00
0.0000000e+00 4.8684730e-01
8.4833900e-02 0.0000000e+00
0.0000000e+00 9.5015960e-01
1.0000000e+00 2.4540820e-01
0.0000000e+00 5.1054100e-02
4.5196000e-03 1.0000000e+00
5.7798900e-01 0.0000000e+00
1.0000000e+00 4.0172830e-01
1.0000000e+00 2.1951760e-01
0.0000000e+00 0.0000000e+00
1.0000000e+00 7.2945790e-01
6.4041390e-01 1.0000000e+00
3.8413480e-01 1.0000000e+00
1.0000000e+00 1.7714790e-01
6.6316530e-01 1.0000000e+00
0.0000000e+00 3.3290170e-01
0.0000000e+00 4.9457950e-01
8.2677950e-01 1.0000000e+00
1.0000000e+00 7.3125400e-01
0.0000000e+00 3.5515700e-02
3.0975960e-01 0.0000000e+00
8.1909070e-01 1.0000000e+00
1.0000000e+00 2.1377990e-01
6.6897380e-01 1.0000000e+00
2.9386960e-01 1.0000000e+00
3.8129150e-01 1.0000000e+00
0.0000000e+00 2.7309700e-01
4.5745920e-01 1.0000000e+00
0.0000000e+00 8.6038570e-01
4.0968130e-01 1.0000000e+00
6.6049300e-01 0.0000000e+00
1.0000000e+00 4.0262020e-01
6.8180180e-01 0.0000000e+00
0.0000000e+00 9.6327650e-01
0.0000000e+00 8.9095320e-01
0.0000000e+00 3.7650020e-01
8.1222120e-01 1.0000000e+00
1.0000000e+00 9.6963540e-01
9.2689440e-01 1.0000000e+00
0.0000000e+00 1.5678700e-02
0.0000000e+00 3.1945800e-02
0.0000000e+00 1.8935040e-01
1.8568600e-01 0.0000000e+00
7.3901200e-02 1.0000000e+00
1.0000000e+00 1.2545490e-01
4.7630540e-01 0.0000000e+00
2.4137400e-01 0.0000000e+00
0.0000000e+00 3.3876830e-01
1.0000000e+00 3.8529970e-01
2.7215080e-01 0.0000000e+00
0.0000000e+00 2.7837750e-01
1.0000000e+00 1.9892400e-02
0.0000000e+00 7.7755090e-01
5.5692000e-02 1.0000000e+00
1.0000000e+00 7.6215260e-01
9.1687650e-01 0.0000000e+00
1.0000000e+00 0.0000000e+00
9.2323190e-01 0.0000000e+00
1.0000000e+00 9.7139870e-01
1.2371150e-01 0.0000000e+00
6.4025120e-01 1.0000000e+00
1.5071020e-01 1.0000000e+00
9.2383030e-01 1.0000000e+00
3.6467820e-01 0.0000000e+00
0.0000000e+00 7.8397650e-01
3.9644190e-01 0.0000000e+00
0.0000000e+00 8.2295530e-01
6.1706570e-01 0.0000000e+00
7.1132010e-01 1.0000000e+00
6.9823430e-01 0.0000000e+00
2.8887700e-01 0.0000000e+00
0.0000000e+00 9.2912700e-02
1.0000000e+00 2.5031530e-01
8.5667700e-02 0.0000000e+00
0.0000000e+00 9.4285890e-01
1.0000000e+00 1.2958350e-01
1.0000000e+00 4.7949260e-01
1.0000000e+00 9.6856470e-01
9.3416100e-02 1.0000000e+00
9.5666960e-01 1.0000000e+00
6.0228530e-01 0.0000000e+00
9.0357730e-01 1.0000000e+00
0.0000000e+00 2.3649680e-01
1.0000000e+00 5.8784510e-01
3.2908890e-01 0.0000000e+00
4.2937860e-01 1.0000000e+00
0.0000000e+00 6.7055380e-01
0.0000000e+00 9.0330620e-01
1.0000000e+00 3.8562300e-02
1.0000000e+00 1.8425310e-01
8.1650430e-01 0.0000000e+00
0.0000000e+00 9.0845500e-02
1.0000000e+00 5.0385100e-02
3.2729400e-02 1.0000000e+00
1.0000000e+00 1.3774730e-01
8.8668420e-01 0.0000000e+00
1.0000000e+00 3.2753100e-02
7.0380510e-01 0.0000000e+00
4.9735350e-01 1.0000000e+00
1.0000000e+00 6.1538300e-02
1.0000000e+00 4.5021490e-01
2.3271210e-01 0.0000000e+00
0.0000000e+00 1.0000000e+00
1.0000000e+00 8.2375560e-01
1.0000000e+00 3.8456830e-01
1.0000000e+00 5.5444760e-01
8.6080910e-01 0.0000000e+00
0.0000000e+00 2.4526070e-01
2.2040480e-01 0.0000000e+00
5.1232180e-01 0.0000000e+00
1.0000000e+00 1.0000000e+00
0.0000000e+00 7.4956800e-01
0.0000000e+00 7.0170600e-01
1.0000000e+00 2.9074520e-01
1.0000000e+00 1.9592180e-01
