3.7632790e-01 0.0000000e+00
1.0000000e+00 8.8829130e-01
5.3405380e-01 1.0000000e+00
1.0000000e+00 6.1327730e-01
1.0000000e+00 5.9549580e-01
0.0000000e+00 2.1873830e-01
5.7836700e-01 0.0000000e+00
3.7258300e-01 1.0000000e+00
8.0771640e-01 0.0000000e+00
0.0000000e+00 4.5890820e-01
4.8305570e-01 0.0000000e+00
2.8568190e-01 1.0000000e+00
1.7603370e-01 0.0000000e+00
3.4594000e-03 0.0000000e+00
5.3778270e-01 1.0000000e+00
1.0000000e+00 1.2417420e-01
1.0000000e+00 7.3754570e-01
0.0000000e+00 4.3192090e-01
0.0000000e+00 5.9798200e-01
0.0000000e+00 7.4841790e-01
0.0000000e+00 0.0000000e+00
7.4140280e-01 0.0000000e+00
1.0000000e+00 1.8508070e-01
7.5787510e-01 1.0000000e+00
0.0000000e+00 5.6328880e-01
1.0000000e+00 9.8102080e-01
0.0000000e+00 5.8358260e-01
5.2572410e-01 0.0000000e+00
1.0000000e+00 2.5699000e-02
2.4633900e-01 1.0000000e+00
1.0000000e+00 3.7246500e-02
3.4618180e-01 1.0000000e+00
5.3313410e-01 1.0000000e+00
1.0000000e+00 3.3050910e-01
0.0000000e+00 2.3327150e-01
6.7333260e-01 1.0000000e+00
9.9693860e-01 0.0000000e+00
1.0000000e+00 5.7870460e-01
8.8206120e-01 1.0000000e+00
0.0000000e+00 6.3202320e-01
8.7719300e-02 0.0000000e+00
7.2490400e-01 1.0000000e+00
0.0000000e+00 2.1544680e-01
0.0000000e+00 9.5791800e-02
6.7181150e-01 0.0000000e+00
1.0000000e+00 4.2428580e-01
1.0000000e+00 9.1111270e-01
5.1334740e-01 1.0000000e+00
8.3985030e-01 1.0000000e+00
5.5770100e-02 1.0000000e+00
7.9930290e-01 1.0000000e+00
7.5823050e-01 1.0000000e+00
0.0000000e+00 5.7211220e-01
1.0000000e+00 9.7541000e-01
0.0000000e+00 6.4328500e-01
8.0327930e-01 0.0000000e+00
0.0000000e+00 9.5538030e-01
4.5133430e-01 1.0000000e+00
7.7103560e-01 0.0000000e+00
5.3030230e-01 1.0000000e+00
0.0000000e+00 8.9394000e-02
5.6329420e-01 0.0000000e+00
2.3363820e-01 0.0000000e+00
1.0000000e+00 4.9276210e-01
9.7025940e-01 1.0000000e+00
1.0000000e+00 3.9975520e-01
0.0000000e+00 6.4387110e-01
0.0000000e+00 7.9971660e-01
1.0000000e+00 6.9111170e-01
1.0000000e+00 0.0000000e+00
0.0000000e+00 7.1934870e-01
9.1066300e-01 1.0000000e+00
0.0000000e+00 4.9999400e-02
1.0000000e+00 5.1529700e-01
0.0000000e+00 3.3060080e-01
2.3913650e-01 1.0000000e+00
5.8106500e-01 1.0000000e+00
1.0000000e+00 5.8810710e-01
9.6367850e-01 1.0000000e+00
0.0000000e+00 4.9397130e-01
1.3194130e-01 1.0000000e+00
1.0514450e-01 1.0000000e+00
1.0000000e+00 6.8083190e-01
7.6010640e-01 1.0000000e+00
7.7998980e-01 0.0000000e+00
0.0000000e+00 1.7647040e-01
5.9577020e-01 0.0000000e+00
0.0000000e+00 4.9997770e-01
1.9148140e-01 1.0000000e+00
5.8340540e-01 1.0000000e+00
0.0000000e+00 5.3103610e-01
1.1569650e-01 0.0000000e+00
0.0000000e+00 8.3590820e-01
1.3471450e-01 1.0000000e+00
1.0000000e+00 8.0725720e-01
1.0000000e+00 7.3448060e-01
1.0000000e+00 2.7097940e-01
1.0000000e+00 9.9161080e-01
3.5085110e-01 1.0000000e+00
8.2229820e-01 0.0000000e+00
0.0000000e+00 1.3316750e-01
2.1952000e-03 1.0000000e+00
0.0000000e+00 4.5326670e-01
1.0000000e+00 5.3693600e-01
5.7493600e-01 1.0000000e+00
0.0000000e+00 1.4967970e-01
1.2517990e-01 1.0000000e+00
3.2412280e-01 1.0000000e+00
0.0000000e+00 1.0000000e+00
0.0000000e+00 6.3419880e-01
1.0000000e+00 3.6334520e-01
6.0891580e-01 0.0000000e+00
0.0000000e+00 3.3346780e-01
8.1391820e-01 1.0000000e+00
0.0000000e+00 6.8965610e-01
8.6544600e-02 1.0000000e+00
9.2053130e-01 1.0000000e+00
1.0000000e+00 1.0000000e+00
0.0000000e+00 7.1555480e-01
6.0219550e-01 0.0000000e+00
0.0000000e+00 6.2119380e-01
5.2877550e-01 1.0000000e+00
8.1133410e-01 0.0000000e+00
7.5819230e-01 1.0000000e+00
3.8551070e-01 0.0000000e+00
0.0000000e+00 6.7593650e-01
6.2675790e-01 0.0000000e+00
1.0000000e+00 5.3917140e-01
