0.0000000e+00 4.8491930e-01
1.0000000e+00 3.1818510e-01
5.3225680e-01 0.0000000e+00
0.0000000e+00 6.7191350e-01
4.7275410e-01 1.0000000e+00
1.0000000e+00 9.7512550e-01
0.0000000e+00 5.3807600e-01
1.3082770e-01 1.0000000e+00
1.0000000e+00 3.6929200e-02
0.0000000e+00 6.6699880e-01
0.0000000e+00 6.9170310e-01
0.0000000e+00 3.5252980e-01
4.8949690e-01 1.0000000e+00
1.0000000e+00 3.5945900e-01
8.2914250e-01 0.0000000e+00
0.0000000e+00 2.6485250e-01
5.6236660e-01 1.0000000e+00
0.0000000e+00 1.9665850e-01
8.5149300e-01 1.0000000e+00
2.2617530e-01 1.0000000e+00
1.0000000e+00 7.3433730e-01
7.2139720e-01 0.0000000e+00
0.0000000e+00 0.0000000e+00
8.2446930e-01 1.0000000e+00
3.2401500e-01 1.0000000e+00
1.2674040e-01 0.0000000e+00
6.5234270e-01 0.0000000e+00
4.8227430e-01 0.0000000e+00
3.5610440e-01 1.0000000e+00
7.2930570e-01 0.0000000e+00
8.1963750e-01 1.0000000e+00
4.3185620e-01 0.0000000e+00
1.0000000e+00 8.6368100e-01
3.2849340e-01 1.0000000e+00
1.0000000e+00 7.9121860e-01
7.3239690e-01 0.0000000e+00
9.1611220e-01 0.0000000e+00
1.0000000e+00 8.6783450e-01
5.2800010e-01 1.0000000e+00
1.0000000e+00 1.2517760e-01
8.6692140e-01 0.0000000e+00
0.0000000e+00 4.7599130e-01
1.0000000e+00 4.5567040e-01
0.0000000e+00 6.3707050e-01
0.0000000e+00 6.3003500e-01
1.0000000e+00 9.0434100e-01
6.1057730e-01 1.0000000e+00
5.1850940e-01 1.0000000e+00
8.0316550e-01 1.0000000e+00
1.0000000e+00 6.3306790e-01
9.9959010e-01 0.0000000e+00
9.0661900e-02 0.0000000e+00
0.0000000e+00 1.6291510e-01
2.9400950e-01 1.0000000e+00
1.0000000e+00 2.0827430e-01
4.7395960e-01 1.0000000e+00
5.6111230e-01 0.0000000e+00
9.5059960e-01 1.0000000e+00
2.0921540e-01 1.0000000e+00
0.0000000e+00 1.4752800e-02
1.0000000e+00 0.0000000e+00
6.4801060e-01 1.0000000e+00
9.8718220e-01 0.0000000e+00
6.9263190e-01 0.0000000e+00
0.0000000e+00 4.1332860e-01
1.0000000e+00 8.8100390e-01
9.6544450e-01 0.0000000e+00
4.8301650e-01 1.0000000e+00
6.7504570e-01 0.0000000e+00
1.0864390e-01 1.0000000e+00
0.0000000e+00 8.4847120e-01
7.8910640e-01 1.0000000e+00
0.0000000e+00 6.2290520e-01
0.0000000e+00 2.3663770e-01
1.0000000e+00 7.5454730e-01
0.0000000e+00 2.5232970e-01
1.0000000e+00 1.0175070e-01
1.0000000e+00 8.5304280e-01
3.8023100e-02 1.0000000e+00
0.0000000e+00 6.6445440e-01
9.9330040e-01 0.0000000e+00
8.2862210e-01 1.0000000e+00
0.0000000e+00 8.7542270e-01
3.3596350e-01 1.0000000e+00
7.4399300e-01 0.0000000e+00
1.0000000e+00 5.3704420e-01
4.1602990e-01 0.0000000e+00
0.0000000e+00 2.4984600e-02
0.0000000e+00 4.5678550e-01
0.0000000e+00 8.0283900e-01
5.9128930e-01 0.0000000e+00
0.0000000e+00 2.2893000e-02
1.8021530e-01 0.0000000e+00
0.0000000e+00 4.7029720e-01
7.1292670e-01 0.0000000e+00
1.0000000e+00 4.1835960e-01
0.0000000e+00 4.7861600e-02
0.0000000e+00 3.4354130e-01
9.8393230e-01 0.0000000e+00
0.0000000e+00 2.2118440e-01
4.3349430e-01 1.0000000e+00
0.0000000e+00 4.1565130e-01
1.5903290e-01 1.0000000e+00
3.4168860e-01 0.0000000e+00
4.6148100e-02 1.0000000e+00
7.4517210e-01 0.0000000e+00
0.0000000e+00 8.1347500e-02
1.0000000e+00 7.6921650e-01
1.0000000e+00 3.2172040e-01
4.6302500e-01 0.0000000e+00
0.0000000e+00 1.0000000e+00
1.0000000e+00 9.4183440e-01
1.0000000e+00 1.0787080e-01
5.4571540e-01 1.0000000e+00
8.6391240e-01 1.0000000e+00
1.0000000e+00 2.9450960e-01
0.0000000e+00 3.7467800e-02
1.0000000e+00 6.9727750e-01
0.0000000e+00 8.6580360e-01
2.9683120e-01 0.0000000e+00
1.0000000e+00 1.0000000e+00
0.0000000e+00 7.4826660e-01
1.0000000e+00 3.7239550e-01
2.7556000e-03 0.0000000e+00
1.0000000e+00 5.6571870e-01
8.4433300e-02 0.0000000e+00
1.3670600e-01 1.0000000e+00
1.0000000e+00 1.1685870e-01
