1.5556610e-01 1.0000000e+00
9.9602500e-02 1.0000000e+00
5.1774900e-01 1.0000000e+00
0.0000000e+00 9.9781100e-02
6.6210960e-01 0.0000000e+00
5.9481000e-02 0.0000000e+00
4.2604860e-01 0.0000000e+00
1.0000000e+00 2.0957400e-02
2.6822870e-01 1.0000000e+00
0.0000000e+00 4.2157800e-02
0.0000000e+00 1.8625430e-01
5.8032800e-01 0.0000000e+00
0.0000000e+00 7.3209230e-01
7.3642510e-01 1.0000000e+00
9.7793370e-01 0.0000000e+00
2.5048100e-02 0.0000000e+00
2.8117720e-01 0.0000000e+00
0.0000000e+00 9.1390370e-01
0.0000000e+00 8.0398900e-01
1.0851500e-01 1.0000000e+00
1.0000000e+00 6.7744900e-01
0.0000000e+00 5.6220230e-01
0.0000000e+00 6.0346970e-01
1.0000000e+00 7.9082660e-01
0.0000000e+00 2.0619720e-01
2.1812390e-01 0.0000000e+00
0.0000000e+00 0.0000000e+00
1.0000000e+00 3.8246310e-01
3.4154050e-01 1.0000000e+00
1.0000000e+00 9.8871070e-01
1.0000000e+00 5.5878200e-01
4.3206130e-01 1.0000000e+00
1.9336650e-01 1.0000000e+00
0.0000000e+00 4.0070010e-01
1.0000000e+00 6.5210540e-01
7.6231480e-01 0.0000000e+00
0.0000000e+00 5.6166890e-01
0.0000000e+00 2.3121480e-01
8.0043440e-01 1.0000000e+00
0.0000000e+00 2.7811130e-01
8.0193970e-01 1.0000000e+00
0.0000000e+00 7.3485050e-01
6.0806160e-01 0.0000000e+00
0.0000000e+00 9.7676020e-01
6.1557770e-01 1.0000000e+00
4.4010930e-01 0.0000000e+00
0.0000000e+00 1.3516240e-01
8.7979260e-01 1.0000000e+00
1.0000000e+00 7.2540090e-01
1.0000000e+00 1.2885630e-01
7.6552990e-01 0.0000000e+00
1.2888760e-01 1.0000000e+00
0.0000000e+00 6.8734390e-01
1.0000000e+00 2.2680320e-01
8.7970060e-01 1.0000000e+00
1.0000000e+00 9.8118860e-01
1.0000000e+00 4.8576190e-01
7.0064560e-01 0.0000000e+00
9.4921230e-01 0.0000000e+00
0.0000000e+00 2.9391360e-01
7.9742140e-01 1.0000000e+00
2.3419130e-01 0.0000000e+00
0.0000000e+00 1.7547330e-01
1.0000000e+00 5.6648250e-01
6.5076300e-02 1.0000000e+00
0.0000000e+00 5.2711520e-01
1.2041920e-01 1.0000000e+00
1.0000000e+00 0.0000000e+00
1.0000000e+00 7.1877420e-01
1.0000000e+00 6.0289080e-01
7.9314980e-01 0.0000000e+00
5.2468160e-01 1.0000000e+00
0.0000000e+00 5.1076950e-01
0.0000000e+00 3.7659360e-01
2.6814640e-01 1.0000000e+00
0.0000000e+00 3.4592340e-01
9.1388510e-01 0.0000000e+00
4.9630690e-01 1.0000000e+00
1.0000000e+00 1.5063130e-01
3.3087250e-01 0.0000000e+00
1.0096530e-01 1.0000000e+00
0.0000000e+00 4.4865380e-01
7.2742820e-01 1.0000000e+00
5.7960710e-01 1.0000000e+00
0.0000000e+00 4.8965000e-01
4.5688400e-01 1.0000000e+00
1.0000000e+00 6.4059060e-01
8.9648030e-01 0.0000000e+00
7.8950610e-01 0.0000000e+00
7.6518280e-01 1.0000000e+00
1.0000000e+00 3.9322030e-01
0.0000000e+00 9.4447270e-01
5.7364640e-01 0.0000000e+00
0.0000000e+00 2.3777240e-01
1.0000000e+00 3.0243500e-02
1.0000000e+00 9.0943050e-01
6.7749060e-01 1.0000000e+00
1.0000000e+00 4.3833920e-01
0.0000000e+00 6.6469260e-01
0.0000000e+00 8.8869530e-01
0.0000000e+00 9.5892410e-01
0.0000000e+00 1.0908260e-01
1.0000000e+00 7.2789120e-01
1.0000000e+00 1.4950020e-01
1.0000000e+00 5.4180000e-03
0.0000000e+00 9.9263660e-01
1.0000000e+00 4.0934500e-01
0.0000000e+00 1.0000000e+00
1.0000000e+00 5.1332840e-01
5.0252740e-01 1.0000000e+00
1.0000000e+00 8.0995250e-01
1.0000000e+00 7.6480780e-01
0.0000000e+00 9.5493590e-01
6.1258550e-01 1.0000000e+00
1.0000000e+00 7.1326920e-01
2.2292230e-01 0.0000000e+00
3.0428520e-01 0.0000000e+00
1.0000000e+00 9.5544430e-01
1.0000000e+00 8.1891800e-01
9.3005740e-01 1.0000000e+00
1.6653700e-02 1.0000000e+00
1.0000000e+00 1.0000000e+00
6.2754420e-01 0.0000000e+00
5.0012200e-02 1.0000000e+00
1.0000000e+00 7.8636230e-01
6.4686180e-01 0.0000000e+00
0.0000000e+00 4.5696140e-01
9.8988560e-01 1.0000000e+00
