1.0000000e+00 9.1353620e-01
6.6124520e-01 1.0000000e+00
0.0000000e+00 8.0501310e-01
3.6897970e-01 0.0000000e+00
0.0000000e+00 5.5867340e-01
3.6145470e-01 1.0000000e+00
5.6910770e-01 1.0000000e+00
1.0000000e+00 9.8319040e-01
9.0092340e-01 1.0000000e+00
4.6165410e-01 1.0000000e+00
0.0000000e+00 2.6775640e-01
9.3909390e-01 0.0000000e+00
9.6657870e-01 1.0000000e+00
0.0000000e+00 5.9897780e-01
1.8917100e-02 1.0000000e+00
1.0000000e+00 2.0373090e-01
6.6371290e-01 1.0000000e+00
1.0000000e+00 9.9176030e-01
0.0000000e+00 6.8022590e-01
1.3903740e-01 1.0000000e+00
1.7423830e-01 1.0000000e+00
4.5205050e-01 1.0000000e+00
6.2845730e-01 1.0000000e+00
6.5406820e-01 0.0000000e+00
4.0875030e-01 1.0000000e+00
6.3511610e-01 1.0000000e+00
0.0000000e+00 0.0000000e+00
1.0000000e+00 3.2431520e-01
6.9837900e-02 0.0000000e+00
0.0000000e+00 6.4772790e-01
0.0000000e+00 7.1252400e-02
0.0000000e+00 2.8052500e-02
8.0582270e-01 0.0000000e+00
1.0000000e+00 8.2822480e-01
3.2535170e-01 1.0000000e+00
0.0000000e+00 1.8102490e-01
0.0000000e+00 9.8416690e-01
1.0000000e+00 7.4429770e-01
3.9819030e-01 0.0000000e+00
0.0000000e+00 4.3932960e-01
0.0000000e+00 2.3769080e-01
0.0000000e+00 6.1571300e-01
0.0000000e+00 4.0536750e-01
3.0775180e-01 1.0000000e+00
3.3227470e-01 0.0000000e+00
3.7061970e-01 0.0000000e+00
0.0000000e+00 2.9702810e-01
5.2539750e-01 1.0000000e+00
0.0000000e+00 2.7780340e-01
3.7758850e-01 1.0000000e+00
5.5047040e-01 1.0000000e+00
0.0000000e+00 6.9681250e-01
3.5936730e-01 1.0000000e+00
1.0000000e+00 6.5819660e-01
1.9821190e-01 1.0000000e+00
0.0000000e+00 5.5379000e-02
8.4850240e-01 0.0000000e+00
1.0300740e-01 0.0000000e+00
1.0000000e+00 5.5189500e-02
0.0000000e+00 1.8167680e-01
5.7826770e-01 1.0000000e+00
0.0000000e+00 8.2144690e-01
1.0345390e-01 0.0000000e+00
0.0000000e+00 5.5945490e-01
5.6944210e-01 1.0000000e+00
9.3981410e-01 0.0000000e+00
0.0000000e+00 9.0629180e-01
7.8158550e-01 1.0000000e+00
1.0000000e+00 0.0000000e+00
0.0000000e+00 4.2196520e-01
7.9265560e-01 0.0000000e+00
0.0000000e+00 1.4041590e-01
2.9588610e-01 1.0000000e+00
1.0000000e+00 7.1277820e-01
5.3737490e-01 1.0000000e+00
0.0000000e+00 6.5660420e-01
5.7384350e-01 1.0000000e+00
1.0000000e+00 5.0389400e-02
0.0000000e+00 6.7541200e-01
1.0000000e+00 4.0784910e-01
8.6908850e-01 0.0000000e+00
1.0000000e+00 5.5971700e-02
1.0000000e+00 6.1713320e-01
0.0000000e+00 5.6662490e-01
7.5180740e-01 0.0000000e+00
1.0000000e+00 5.9833330e-01
9.6611820e-01 1.0000000e+00
1.0000000e+00 6.9528760e-01
0.0000000e+00 8.4068130e-01
1.0000000e+00 4.6437590e-01
1.0000000e+00 8.5006630e-01
1.0000000e+00 4.8152600e-02
6.6739320e-01 1.0000000e+00
8.2963900e-02 1.0000000e+00
1.0000000e+00 2.1636770e-01
5.9526820e-01 1.0000000e+00
7.0417700e-01 0.0000000e+00
0.0000000e+00 4.4819890e-01
4.8205730e-01 0.0000000e+00
0.0000000e+00 6.5850390e-01
5.1658280e-01 0.0000000e+00
9.0649030e-01 1.0000000e+00
7.7825480e-01 0.0000000e+00
0.0000000e+00 1.3546020e-01
0.0000000e+00 8.8079680e-01
3.2800550e-01 1.0000000e+00
0.0000000e+00 1.5193330e-01
1.0000000e+00 8.8125540e-01
1.8666780e-01 1.0000000e+00
6.6985900e-01 0.0000000e+00
3.5758870e-01 1.0000000e+00
1.0000000e+00 3.0706540e-01
1.5916840e-01 1.0000000e+00
0.0000000e+00 8.9149510e-01
9.6205030e-01 1.0000000e+00
1.0000000e+00 9.8165900e-01
1.0000000e+00 9.1641600e-02
1.0000000e+00 8.6901100e-02
0.0000000e+00 1.0000000e+00
7.2552270e-01 0.0000000e+00
5.9716840e-01 0.0000000e+00
0.0000000e+00 1.4766050e-01
5.1541710e-01 0.0000000e+00
1.0000000e+00 1.0000000e+00
8.1538470e-01 1.0000000e+00
9.5132080e-01 1.0000000e+00
1.0000000e+00 5.7424800e-02
8.4317920e-01 0.0000000e+00
