0.0000000e+00 8.3701590e-01
0.0000000e+00 7.0977030e-01
1.0000000e+00 2.7539390e-01
6.4195040e-01 1.0000000e+00
1.0000000e+00 9.6938600e-01
8.9032760e-01 0.0000000e+00
3.4019200e-02 1.0000000e+00
0.0000000e+00 1.4734020e-01
0.0000000e+00 5.7222810e-01
6.8823740e-01 0.0000000e+00
0.0000000e+00 9.0702710e-01
6.7465980e-01 1.0000000e+00
9.8719370e-01 1.0000000e+00
1.0000000e+00 5.6640340e-01
0.0000000e+00 4.4406270e-01
2.4584370e-01 0.0000000e+00
8.5468270e-01 0.0000000e+00
6.2117580e-01 0.0000000e+00
1.0000000e+00 5.7510040e-01
1.0000000e+00 5.7143620e-01
9.9816020e-01 0.0000000e+00
0.0000000e+00 7.2251150e-01
5.4297150e-01 1.0000000e+00
0.0000000e+00 3.2779880e-01
0.0000000e+00 1.5787900e-01
1.3677380e-01 1.0000000e+00
0.0000000e+00 0.0000000e+00
0.0000000e+00 5.0192710e-01
0.0000000e+00 8.9619190e-01
0.0000000e+00 5.5792260e-01
9.9022320e-01 0.0000000e+00
9.1980860e-01 1.0000000e+00
0.0000000e+00 2.3333490e-01
1.0000000e+00 9.1029160e-01
1.9155550e-01 0.0000000e+00
1.0000000e+00 4.2298300e-02
0.0000000e+00 1.5914800e-02
2.7552600e-01 0.0000000e+00
0.0000000e+00 1.6611450e-01
3.5955500e-02 1.0000000e+00
8.2291000e-01 1.0000000e+00
1.5201330e-01 1.0000000e+00
9.1388510e-01 1.0000000e+00
1.0000000e+00 2.5095580e-01
0.0000000e+00 9.2641260e-01
9.7941260e-01 0.0000000e+00
0.0000000e+00 7.8715350e-01
7.9018770e-01 0.0000000e+00
0.0000000e+00 7.5506740e-01
0.0000000e+00 5.1775910e-01
8.9604320e-01 0.0000000e+00
9.6252280e-01 0.0000000e+00
1.7515810e-01 0.0000000e+00
1.0000000e+00 6.7209830e-01
1.0245830e-01 0.0000000e+00
0.0000000e+00 2.0799400e-01
0.0000000e+00 7.7186030e-01
1.0000000e+00 5.3255870e-01
0.0000000e+00 7.6466800e-02
1.0000000e+00 4.1695580e-01
1.0000000e+00 4.2235960e-01
7.4821760e-01 0.0000000e+00
7.8370380e-01 0.0000000e+00
9.1165360e-01 0.0000000e+00
2.9864380e-01 0.0000000e+00
3.6629700e-02 0.0000000e+00
1.0000000e+00 5.9359120e-01
3.3869920e-01 1.0000000e+00
8.0013980e-01 1.0000000e+00
0.0000000e+00 5.6798630e-01
0.0000000e+00 2.4904920e-01
0.0000000e+00 5.1950360e-01
1.0000000e+00 9.6203940e-01
1.0000000e+00 3.4374750e-01
4.7033250e-01 1.0000000e+00
1.0000000e+00 7.3829530e-01
1.0000000e+00 0.0000000e+00
0.0000000e+00 5.3223420e-01
7.8465770e-01 0.0000000e+00
8.2541900e-01 1.0000000e+00
1.1595700e-02 0.0000000e+00
0.0000000e+00 6.0624300e-01
5.7473360e-01 0.0000000e+00
2.8958100e-02 0.0000000e+00
1.0000000e+00 2.0649350e-01
0.0000000e+00 6.8896670e-01
1.0000000e+00 1.2405350e-01
7.9317780e-01 0.0000000e+00
4.3086490e-01 0.0000000e+00
6.4448900e-01 1.0000000e+00
6.0632000e-02 1.0000000e+00
0.0000000e+00 1.6656480e-01
8.2282320e-01 1.0000000e+00
6.2214500e-02 0.0000000e+00
0.0000000e+00 1.7887640e-01
2.8199540e-01 1.0000000e+00
3.5344700e-01 1.0000000e+00
3.0085140e-01 0.0000000e+00
1.0000000e+00 8.6030760e-01
6.0402460e-01 0.0000000e+00
1.0000000e+00 3.1581600e-02
0.0000000e+00 7.2803300e-01
1.0000000e+00 4.5084650e-01
1.0000000e+00 2.7250070e-01
1.0000000e+00 6.3498430e-01
9.5943600e-02 1.0000000e+00
1.0000000e+00 3.9843810e-01
3.9482480e-01 0.0000000e+00
1.0000000e+00 2.9616890e-01
1.0000000e+00 8.1041830e-01
3.8493990e-01 1.0000000e+00
0.0000000e+00 8.7785380e-01
1.3893030e-01 1.0000000e+00
9.7793100e-02 0.0000000e+00
0.0000000e+00 6.2911330e-01
7.9508110e-01 0.0000000e+00
0.0000000e+00 1.0000000e+00
9.7815810e-01 1.0000000e+00
4.4839410e-01 0.0000000e+00
9.5492640e-01 1.0000000e+00
5.4833970e-01 1.0000000e+00
7.4678300e-02 1.0000000e+00
1.0000000e+00 1.0000000e+00
1.0000000e+00 8.6656670e-01
5.3924330e-01 1.0000000e+00
0.0000000e+00 8.9432250e-01
1.6871720e-01 0.0000000e+00
2.4676930e-01 0.0000000e+00
