1.0000000e+00 6.6571700e-02
9.8550190e-01 1.0000000e+00
0.0000000e+00 6.5549790e-01
4.8718850e-01 1.0000000e+00
1.0000000e+00 1.7971770e-01
3.6625630e-01 0.0000000e+00
5.5322960e-01 1.0000000e+00
0.0000000e+00 6.4046760e-01
6.3305360e-01 0.0000000e+00
1.0000000e+00 5.9782580e-01
0.0000000e+00 1.6557000e-03
1.0000000e+00 3.9056470e-01
4.3870990e-01 1.0000000e+00
1.2290930e-01 1.0000000e+00
4.9084370e-01 0.0000000e+00
8.7319350e-01 1.0000000e+00
1.0000000e+00 8.6889370e-01
1.0000000e+00 9.3942200e-01
1.0000000e+00 5.8460540e-01
3.5112580e-01 0.0000000e+00
0.0000000e+00 3.7626230e-01
4.0542050e-01 1.0000000e+00
4.2537630e-01 1.0000000e+00
0.0000000e+00 1.9266650e-01
1.0000000e+00 1.1749230e-01
0.0000000e+00 0.0000000e+00
1.0000000e+00 8.7724410e-01
1.0000000e+00 5.1096550e-01
5.9956680e-01 1.0000000e+00
0.0000000e+00 6.4515740e-01
7.9655130e-01 1.0000000e+00
4.4749080e-01 0.0000000e+00
0.0000000e+00 7.9892720e-01
0.0000000e+00 3.3189800e-02
0.0000000e+00 8.0448400e-02
6.9036760e-01 0.0000000e+00
4.7996800e-02 1.0000000e+00
2.1333940e-01 0.0000000e+00
0.0000000e+00 7.7412880e-01
1.0000000e+00 3.2764980e-01
1.4248900e-02 0.0000000e+00
1.3931370e-01 1.0000000e+00
0.0000000e+00 9.6287090e-01
1.9568270e-01 1.0000000e+00
1.0000000e+00 5.7698880e-01
3.2678760e-01 1.0000000e+00
9.1928750e-01 0.0000000e+00
1.0000000e+00 2.1686660e-01
1.0000000e+00 6.0796640e-01
0.0000000e+00 8.4891440e-01
0.0000000e+00 9.3760020e-01
9.7726980e-01 0.0000000e+00
0.0000000e+00 4.2701770e-01
0.0000000e+00 9.1023830e-01
1.0000000e+00 4.1226120e-01
1.3722770e-01 0.0000000e+00
1.2155580e-01 1.0000000e+00
1.2075830e-01 0.0000000e+00
1.0572610e-01 0.0000000e+00
5.3975760e-01 0.0000000e+00
2.4392880e-01 0.0000000e+00
1.5079690e-01 1.0000000e+00
6.7449000e-01 1.0000000e+00
1.0000000e+00 1.3484370e-01
8.8465070e-01 1.0000000e+00
3.6012220e-01 1.0000000e+00
8.0962510e-01 1.0000000e+00
2.6713420e-01 0.0000000e+00
1.0000000e+00 5.2949840e-01
0.0000000e+00 1.7875410e-01
1.1689000e-02 0.0000000e+00
1.0000000e+00 0.0000000e+00
0.0000000e+00 7.3864720e-01
2.9976460e-01 0.0000000e+00
5.5029410e-01 0.0000000e+00
0.0000000e+00 2.8294380e-01
1.0000000e+00 9.2169290e-01
1.0000000e+00 3.9945000e-03
7.2255040e-01 0.0000000e+00
9.2973780e-01 0.0000000e+00
1.5651100e-01 0.0000000e+00
1.0000000e+00 5.8248210e-01
1.0000000e+00 5.4103820e-01
1.0000000e+00 8.4022330e-01
6.9035670e-01 0.0000000e+00
7.6983320e-01 0.0000000e+00
1.0000000e+00 6.6889030e-01
0.0000000e+00 6.6453270e-01
4.8390940e-01 0.0000000e+00
0.0000000e+00 3.8569390e-01
5.8714120e-01 1.0000000e+00
0.0000000e+00 8.4563200e-01
0.0000000e+00 4.6136020e-01
1.0000000e+00 8.4974530e-01
1.6699040e-01 1.0000000e+00
0.0000000e+00 6.0316650e-01
0.0000000e+00 7.4057110e-01
4.6085100e-02 1.0000000e+00
1.0000000e+00 8.2430510e-01
0.0000000e+00 3.4646650e-01
1.0000000e+00 5.6579250e-01
5.7233180e-01 0.0000000e+00
0.0000000e+00 7.2097000e-02
1.0000000e+00 5.6422530e-01
0.0000000e+00 5.1852880e-01
9.9197900e-02 0.0000000e+00
8.5486350e-01 0.0000000e+00
9.3670900e-01 0.0000000e+00
6.7745490e-01 1.0000000e+00
0.0000000e+00 2.6475780e-01
4.3598630e-01 1.0000000e+00
1.0000000e+00 1.2927650e-01
9.5612680e-01 1.0000000e+00
1.0000000e+00 9.0862630e-01
4.3331070e-01 1.0000000e+00
8.6329900e-01 0.0000000e+00
0.0000000e+00 1.0000000e+00
0.0000000e+00 3.8163490e-01
1.0000000e+00 4.1872850e-01
5.1463340e-01 0.0000000e+00
5.9492300e-01 0.0000000e+00
1.0000000e+00 1.0000000e+00
9.0878310e-01 0.0000000e+00
1.0000000e+00 5.5438090e-01
5.5821400e-01 1.0000000e+00
9.5914700e-01 0.0000000e+00
4.3318880e-01 0.0000000e+00
1.0000000e+00 3.2933830e-01
