0.0000000e+00 0.0000000e+00
1.0000000e+00 0.0000000e+00
0.0000000e+00 1.0000000e+00
1.0000000e+00 1.0000000e+00
6.3878530e-01 1.0000000e+00
1.0000000e+00 8.4315080e-01
0.0000000e+00 2.5095740e-01
0.0000000e+00 7.3297300e-01
1.0000000e+00 4.9267610e-01
1.5205800e-01 1.0000000e+00
5.4980500e-01 0.0000000e+00
7.3091460e-01 1.0000000e+00
2.2993040e-01 0.0000000e+00
5.7298090e-01 0.0000000e+00
2.0579640e-01 1.0000000e+00
2.8355400e-02 0.0000000e+00
7.4233680e-01 0.0000000e+00
1.0000000e+00 8.7031620e-01
4.3187830e-01 0.0000000e+00
0.0000000e+00 2.6072470e-01
1.0000000e+00 6.6294810e-01
0.0000000e+00 5.5603400e-02
7.1073240e-01 0.0000000e+00
1.0000000e+00 5.5218080e-01
1.0000000e+00 7.1448690e-01
2.4243000e-03 1.0000000e+00
3.1711310e-01 1.0000000e+00
8.0727820e-01 1.0000000e+00
1.0298630e-01 0.0000000e+00
1.0000000e+00 8.2364960e-01
1.0000000e+00 6.6322940e-01
1.0000000e+00 4.5139330e-01
2.1586500e-02 0.0000000e+00
1.0000000e+00 2.4047610e-01
7.0326000e-01 0.0000000e+00
1.0000000e+00 5.8977000e-01
8.1357280e-01 0.0000000e+00
3.8480860e-01 1.0000000e+00
0.0000000e+00 4.4053300e-01
1.0000000e+00 4.1684380e-01
8.8400900e-02 0.0000000e+00
1.0000000e+00 4.9929550e-01
4.6681790e-01 0.0000000e+00
1.0000000e+00 6.6248930e-01
1.1558210e-01 1.0000000e+00
1.1109260e-01 1.0000000e+00
1.0000000e+00 8.5338760e-01
1.0000000e+00 6.9819220e-01
3.7411140e-01 0.0000000e+00
1.0000000e+00 5.5689660e-01
1.8752010e-01 0.0000000e+00
1.0000000e+00 1.5659350e-01
1.0000000e+00 7.3075300e-01
8.3478820e-01 1.0000000e+00
2.4247500e-01 1.0000000e+00
1.0000000e+00 3.1840640e-01
1.0000000e+00 9.8162700e-01
0.0000000e+00 3.4613180e-01
8.1674690e-01 0.0000000e+00
6.0058850e-01 1.0000000e+00
9.7314180e-01 1.0000000e+00
2.3523860e-01 0.0000000e+00
0.0000000e+00 9.0562320e-01
7.2745590e-01 1.0000000e+00
6.5063690e-01 0.0000000e+00
1.0000000e+00 1.0314080e-01
0.0000000e+00 8.9465980e-01
8.9779950e-01 0.0000000e+00
6.8009880e-01 1.0000000e+00
4.3545150e-01 0.0000000e+00
3.1502170e-01 1.0000000e+00
4.3180050e-01 1.0000000e+00
1.0000000e+00 2.9983490e-01
0.0000000e+00 2.5876300e-01
0.0000000e+00 3.6563050e-01
0.0000000e+00 9.5101370e-01
1.0000000e+00 9.7134140e-01
1.0229370e-01 0.0000000e+00
1.0000000e+00 6.4190680e-01
0.0000000e+00 5.8716820e-01
2.8568660e-01 0.0000000e+00
8.8516000e-01 0.0000000e+00
1.0000000e+00 6.2741780e-01
9.5512870e-01 1.0000000e+00
1.0000000e+00 8.2336980e-01
1.0000000e+00 1.8375000e-03
0.0000000e+00 5.7020730e-01
9.4424380e-01 0.0000000e+00
1.0000000e+00 9.5551330e-01
3.1346830e-01 1.0000000e+00
0.0000000e+00 2.5109900e-02
1.0000000e+00 7.0888950e-01
8.2836030e-01 0.0000000e+00
1.0000000e+00 8.8723750e-01
3.0500450e-01 1.0000000e+00
1.0000000e+00 5.0453210e-01
3.7034010e-01 0.0000000e+00
7.7731070e-01 0.0000000e+00
0.0000000e+00 2.7149270e-01
4.6713080e-01 1.0000000e+00
1.0000000e+00 3.0520800e-01
5.7970500e-02 0.0000000e+00
1.0000000e+00 3.6553710e-01
1.0000000e+00 4.2398000e-01
6.3919220e-01 1.0000000e+00
0.0000000e+00 5.8621670e-01
8.7644590e-01 1.0000000e+00
0.0000000e+00 7.2372760e-01
1.0000000e+00 5.4687760e-01
1.8462490e-01 0.0000000e+00
0.0000000e+00 7.7960170e-01
3.0038020e-01 1.0000000e+00
1.0253400e-01 0.0000000e+00
1.0000000e+00 7.0761280e-01
0.0000000e+00 5.3911660e-01
6.1377090e-01 0.0000000e+00
1.0000000e+00 9.8761100e-02
2.6162480e-01 0.0000000e+00
4.9819400e-01 1.0000000e+00
3.2970970e-01 1.0000000e+00
9.7098330e-01 0.0000000e+00
2.9419330e-01 1.0000000e+00
0.0000000e+00 4.3046000e-02
3.0775680e-01 0.0000000e+00
0.0000000e+00 1.7755600e-02
0.0000000e+00 5.8921060e-01
0.0000000e+00 5.9493510e-01
3.8972450e-01 1.0000000e+00
