1.0000000e+00 2.1655790e-01
2.3492390e-01 1.0000000e+00
1.0000000e+00 2.5507700e-01
5.6957970e-01 0.0000000e+00
1.0000000e+00 7.9890150e-01
5.4586210e-01 0.0000000e+00
1.0000000e+00 6.6897210e-01
0.0000000e+00 3.6384750e-01
2.8020740e-01 0.0000000e+00
6.2601250e-01 0.0000000e+00
3.0020170e-01 1.0000000e+00
0.0000000e+00 4.7951080e-01
1.0000000e+00 6.2347790e-01
1.0000000e+00 4.4387000e-01
0.0000000e+00 4.5242670e-01
8.1667350e-01 0.0000000e+00
7.5984850e-01 1.0000000e+00
0.0000000e+00 6.3998190e-01
0.0000000e+00 7.7376260e-01
4.1795350e-01 0.0000000e+00
1.0000000e+00 1.7398180e-01
9.0613490e-01 0.0000000e+00
7.8478040e-01 1.0000000e+00
0.0000000e+00 6.3491650e-01
0.0000000e+00 0.0000000e+00
9.0413100e-02 0.0000000e+00
2.0433170e-01 1.0000000e+00
5.8251830e-01 0.0000000e+00
9.4816130e-01 0.0000000e+00
2.5464950e-01 0.0000000e+00
1.1795260e-01 1.0000000e+00
5.8876390e-01 0.0000000e+00
6.5890600e-01 1.0000000e+00
0.0000000e+00 1.3004610e-01
2.3774340e-01 0.0000000e+00
1.0000000e+00 6.9820490e-01
1.0000000e+00 6.7977620e-01
1.0000000e+00 4.2669450e-01
0.0000000e+00 4.4661070e-01
3.4669280e-01 0.0000000e+00
0.0000000e+00 3.4507240e-01
0.0000000e+00 3.4834800e-01
7.8083260e-01 0.0000000e+00
1.0000000e+00 9.8266710e-01
6.6564710e-01 1.0000000e+00
0.0000000e+00 8.6845700e-01
4.8759820e-01 0.0000000e+00
1.0000000e+00 9.6973090e-01
1.0000000e+00 8.7510600e-02
4.9080760e-01 1.0000000e+00
1.5721000e-03 1.0000000e+00
6.4673390e-01 1.0000000e+00
0.0000000e+00 7.3692300e-01
9.9273590e-01 1.0000000e+00
0.0000000e+00 6.9752460e-01
3.5675770e-01 0.0000000e+00
8.3234980e-01 0.0000000e+00
6.0683730e-01 0.0000000e+00
0.0000000e+00 7.9812390e-01
2.9725810e-01 1.0000000e+00
1.0000000e+00 8.3954130e-01
0.0000000e+00 2.2857210e-01
9.0861310e-01 1.0000000e+00
1.0000000e+00 9.0178750e-01
6.7982140e-01 1.0000000e+00
5.3639600e-01 0.0000000e+00
1.0000000e+00 7.9010220e-01
1.0000000e+00 5.3351690e-01
1.0000000e+00 0.0000000e+00
0.0000000e+00 9.0032290e-01
7.3851830e-01 1.0000000e+00
9.8394860e-01 0.0000000e+00
1.0000000e+00 8.3888280e-01
1.0000000e+00 7.6856350e-01
9.7305160e-01 0.0000000e+00
1.5577000e-02 0.0000000e+00
1.0000000e+00 4.0514400e-01
1.0000000e+00 4.6618200e-01
1.0000000e+00 2.0040590e-01
6.3648490e-01 1.0000000e+00
0.0000000e+00 4.7959400e-02
2.5757560e-01 1.0000000e+00
1.0000000e+00 5.2849040e-01
1.0000000e+00 6.1491200e-01
0.0000000e+00 7.4353970e-01
1.0000000e+00 5.9087570e-01
1.1114560e-01 0.0000000e+00
1.0000000e+00 9.5651750e-01
0.0000000e+00 6.0094280e-01
1.0000000e+00 3.0064640e-01
1.0000000e+00 1.9475640e-01
2.0210790e-01 1.0000000e+00
1.0000000e+00 6.6176930e-01
7.0432980e-01 1.0000000e+00
0.0000000e+00 1.9022850e-01
6.3434240e-01 0.0000000e+00
1.0000000e+00 3.1665550e-01
2.7849570e-01 0.0000000e+00
4.8724930e-01 0.0000000e+00
0.0000000e+00 3.1289940e-01
3.3519660e-01 1.0000000e+00
8.7656200e-01 1.0000000e+00
0.0000000e+00 1.7736940e-01
3.9860670e-01 1.0000000e+00
0.0000000e+00 4.5445500e-01
6.7581270e-01 1.0000000e+00
9.5576000e-03 1.0000000e+00
1.0000000e+00 2.2606230e-01
6.4166590e-01 1.0000000e+00
8.8060160e-01 0.0000000e+00
0.0000000e+00 7.3793000e-01
0.0000000e+00 1.0000000e+00
0.0000000e+00 9.5547410e-01
6.7982980e-01 0.0000000e+00
1.0000000e+00 7.4908830e-01
3.8891540e-01 0.0000000e+00
0.0000000e+00 8.7902670e-01
9.8636760e-01 1.0000000e+00
1.2858770e-01 0.0000000e+00
4.4595400e-02 1.0000000e+00
4.6452260e-01 1.0000000e+00
1.0000000e+00 1.0000000e+00
1.0000000e+00 4.8280090e-01
1.0000000e+00 9.3325160e-01
6.1294460e-01 0.0000000e+00
1.0000000e+00 2.6123900e-02
4.9940260e-01 1.0000000e+00
0.0000000e+00 7.1968660e-01
