2.2903400e-02 0.0000000e+00
8.6241880e-01 0.0000000e+00
0.0000000e+00 4.6413710e-01
1.7461560e-01 0.0000000e+00
1.0000000e+00 2.0432470e-01
1.0000000e+00 3.9375860e-01
0.0000000e+00 6.3741460e-01
0.0000000e+00 2.7398950e-01
1.0000000e+00 7.2354220e-01
1.0000000e+00 5.2149350e-01
0.0000000e+00 7.3032180e-01
1.0000000e+00 6.9124010e-01
1.0000000e+00 4.3767450e-01
1.0000000e+00 8.6619000e-01
1.0000000e+00 5.1960530e-01
1.0000000e+00 1.1127910e-01
0.0000000e+00 2.4052080e-01
1.0000000e+00 1.9343820e-01
3.5476260e-01 0.0000000e+00
1.0000000e+00 9.5274620e-01
6.7562350e-01 1.0000000e+00
6.8017250e-01 0.0000000e+00
9.0517550e-01 0.0000000e+00
0.0000000e+00 4.7305700e-02
1.0000000e+00 1.4526040e-01
7.5056640e-01 1.0000000e+00
9.9069690e-01 1.0000000e+00
1.0000000e+00 1.5596570e-01
0.0000000e+00 0.0000000e+00
4.9704410e-01 0.0000000e+00
0.0000000e+00 9.8055040e-01
1.0000000e+00 9.8417670e-01
4.7939930e-01 1.0000000e+00
0.0000000e+00 4.1124000e-02
6.8811200e-02 1.0000000e+00
8.8968370e-01 0.0000000e+00
5.7422960e-01 1.0000000e+00
8.5654630e-01 1.0000000e+00
1.0000000e+00 3.6336700e-02
1.0000000e+00 5.9170800e-01
0.0000000e+00 4.7741440e-01
6.2381120e-01 0.0000000e+00
1.2298390e-01 0.0000000e+00
4.1164170e-01 0.0000000e+00
1.0000000e+00 3.0885690e-01
6.5229760e-01 1.0000000e+00
7.4411450e-01 0.0000000e+00
2.3437000e-01 0.0000000e+00
0.0000000e+00 4.9194930e-01
6.4224350e-01 0.0000000e+00
1.0000000e+00 4.4501800e-01
1.0000000e+00 9.8829350e-01
0.0000000e+00 3.4279560e-01
0.0000000e+00 1.7117030e-01
2.2145780e-01 1.0000000e+00
9.8730000e-01 1.0000000e+00
0.0000000e+00 9.8955680e-01
1.0000000e+00 7.1862500e-02
0.0000000e+00 9.8764960e-01
0.0000000e+00 8.0749270e-01
9.4781930e-01 0.0000000e+00
0.0000000e+00 6.3875730e-01
2.7664180e-01 1.0000000e+00
4.5513730e-01 0.0000000e+00
1.0000000e+00 3.4751940e-01
0.0000000e+00 4.7936090e-01
4.7322760e-01 1.0000000e+00
1.0000000e+00 0.0000000e+00
0.0000000e+00 3.2869000e-01
1.3181810e-01 0.0000000e+00
0.0000000e+00 7.3512190e-01
6.3674730e-01 1.0000000e+00
2.2881200e-02 1.0000000e+00
1.0000000e+00 8.0423030e-01
1.0000000e+00 7.8824090e-01
4.1087260e-01 1.0000000e+00
0.0000000e+00 9.7736980e-01
1.1076700e-01 1.0000000e+00
1.0000000e+00 9.4300100e-02
4.2420200e-01 0.0000000e+00
9.1737530e-01 0.0000000e+00
1.0000000e+00 6.8374100e-01
6.2189800e-02 1.0000000e+00
4.7388860e-01 0.0000000e+00
1.0000000e+00 7.7732380e-01
1.0000000e+00 1.7035300e-02
3.0501230e-01 1.0000000e+00
7.8898610e-01 0.0000000e+00
8.4526710e-01 0.0000000e+00
1.0000000e+00 8.0289450e-01
5.7743710e-01 0.0000000e+00
1.0000000e+00 3.7938780e-01
1.8121610e-01 1.0000000e+00
5.9906470e-01 1.0000000e+00
1.8092140e-01 1.0000000e+00
8.4308490e-01 1.0000000e+00
1.0000000e+00 2.0681540e-01
1.0000000e+00 2.8528560e-01
8.9880700e-01 1.0000000e+00
0.0000000e+00 6.7969870e-01
1.0000000e+00 6.1308010e-01
5.5294390e-01 1.0000000e+00
5.3217320e-01 1.0000000e+00
1.0000000e+00 9.6148010e-01
6.4213110e-01 1.0000000e+00
6.2627710e-01 1.0000000e+00
1.0000000e+00 8.0005390e-01
0.0000000e+00 8.9876400e-01
2.6042960e-01 1.0000000e+00
8.8491220e-01 0.0000000e+00
0.0000000e+00 1.0000000e+00
0.0000000e+00 3.7745990e-01
1.0000000e+00 1.5898350e-01
1.0000000e+00 8.8208830e-01
0.0000000e+00 6.7624960e-01
5.2385800e-01 0.0000000e+00
4.9744010e-01 1.0000000e+00
8.4628820e-01 0.0000000e+00
0.0000000e+00 3.3802600e-01
1.0000000e+00 1.0000000e+00
1.0000000e+00 2.8763660e-01
4.7094470e-01 1.0000000e+00
4.9224900e-02 1.0000000e+00
4.8241230e-01 1.0000000e+00
1.0000000e+00 6.9205110e-01
4.6177720e-01 0.0000000e+00
1.0000000e+00 2.0369090e-01
0.0000000e+00 1.0254840e-01
