0.0000000e+00 0.0000000e+00
1.0000000e+00 0.0000000e+00
0.0000000e+00 1.0000000e+00
1.0000000e+00 1.0000000e+00
0.0000000e+00 2.9802480e-01
0.0000000e+00 2.4947000e-03
1.0000000e+00 6.7326010e-01
4.4895570e-01 1.0000000e+00
0.0000000e+00 7.0890350e-01
0.0000000e+00 9.5973520e-01
1.0000000e+00 7.6238380e-01
9.2422010e-01 1.0000000e+00
2.8575540e-01 0.0000000e+00
1.0000000e+00 2.4713670e-01
1.0000000e+00 6.7474340e-01
1.0000000e+00 8.8795300e-01
0.0000000e+00 5.2766560e-01
8.7993320e-01 1.0000000e+00
1.0000000e+00 6.6559320e-01
8.2089120e-01 0.0000000e+00
0.0000000e+00 8.7370870e-01
6.8942630e-01 1.0000000e+00
0.0000000e+00 3.5106900e-01
1.0000000e+00 3.8943690e-01
3.0354320e-01 1.0000000e+00
1.0000000e+00 7.7801660e-01
0.0000000e+00 2.4445910e-01
0.0000000e+00 9.8561010e-01
2.9448500e-02 0.0000000e+00
1.5349050e-01 1.0000000e+00
1.0000000e+00 2.7200260e-01
4.1326250e-01 1.0000000e+00
4.0753320e-01 1.0000000e+00
1.6067070e-01 1.0000000e+00
0.0000000e+00 6.6379040e-01
6.4607720e-01 0.0000000e+00
0.0000000e+00 6.1812440e-01
5.1569690e-01 0.0000000e+00
0.0000000e+00 1.1542620e-01
0.0000000e+00 7.2043190e-01
6.5993930e-01 0.0000000e+00
8.6267330e-01 1.0000000e+00
0.0000000e+00 1.2403030e-01
3.1177280e-01 0.0000000e+00
0.0000000e+00 3.9885190e-01
1.0000000e+00 5.1828820e-01
5.4058740e-01 1.0000000e+00
1.8470570e-01 1.0000000e+00
1.0000000e+00 7.8747150e-01
7.5289130e-01 1.0000000e+00
8.8284670e-01 0.0000000e+00
0.0000000e+00 9.3218960e-01
0.0000000e+00 4.2245030e-01
1.0000000e+00 4.7879910e-01
1.0000000e+00 3.5940960e-01
1.0000000e+00 1.9148920e-01
0.0000000e+00 1.0189390e-01
1.0000000e+00 6.1603900e-01
4.7388790e-01 1.0000000e+00
1.0000000e+00 8.1131140e-01
7.8334400e-02 1.0000000e+00
0.0000000e+00 1.4540210e-01
1.0000000e+00 4.8900890e-01
3.3330320e-01 1.0000000e+00
1.0000000e+00 2.9515090e-01
2.3073320e-01 1.0000000e+00
1.0000000e+00 9.1926720e-01
1.0000000e+00 4.8206280e-01
0.0000000e+00 8.6198710e-01
1.0000000e+00 9.9880410e-01
7.0766680e-01 1.0000000e+00
0.0000000e+00 7.6194140e-01
1.0000000e+00 2.1163350e-01
2.3622490e-01 1.0000000e+00
0.0000000e+00 7.4151300e-02
6.8072190e-01 0.0000000e+00
7.9202840e-01 1.0000000e+00
2.6455900e-02 1.0000000e+00
3.1213360e-01 0.0000000e+00
4.3750940e-01 0.0000000e+00
1.4646340e-01 1.0000000e+00
2.9116460e-01 0.0000000e+00
1.9863100e-01 0.0000000e+00
8.9022540e-01 1.0000000e+00
4.3431430e-01 0.0000000e+00
4.7756110e-01 1.0000000e+00
0.0000000e+00 1.7278950e-01
1.0000000e+00 9.0489100e-01
8.1059200e-02 1.0000000e+00
0.0000000e+00 1.4602830e-01
0.0000000e+00 9.5681960e-01
4.9660170e-01 1.0000000e+00
5.5931400e-01 0.0000000e+00
0.0000000e+00 2.2052880e-01
1.0000000e+00 9.3976700e-02
1.0000000e+00 8.9668660e-01
1.0000000e+00 5.1677410e-01
1.3872080e-01 1.0000000e+00
5.3265000e-01 0.0000000e+00
5.3124700e-02 0.0000000e+00
0.0000000e+00 2.4500890e-01
7.4944600e-01 1.0000000e+00
2.1674500e-02 1.0000000e+00
1.0000000e+00 8.6448630e-01
1.0000000e+00 6.2565130e-01
8.4241110e-01 0.0000000e+00
9.0814880e-01 1.0000000e+00
0.0000000e+00 8.6808880e-01
3.5313650e-01 1.0000000e+00
8.5805200e-01 0.0000000e+00
0.0000000e+00 3.5499600e-02
1.0000000e+00 1.5688580e-01
1.0000000e+00 5.3572500e-02
4.9047540e-01 0.0000000e+00
3.3971280e-01 1.0000000e+00
0.0000000e+00 9.7770550e-01
8.7149920e-01 0.0000000e+00
9.3824750e-01 0.0000000e+00
7.8105200e-01 0.0000000e+00
0.0000000e+00 6.1619910e-01
1.0000000e+00 5.7008030e-01
1.0000000e+00 4.3516600e-01
2.4166800e-02 0.0000000e+00
8.8690300e-02 1.0000000e+00
0.0000000e+00 5.9327080e-01
1.0000000e+00 6.9513350e-01
0.0000000e+00 4.7159350e-01
4.0217100e-02 1.0000000e+00
