0.0000000e+00 0.0000000e+00
1.0000000e+00 0.0000000e+00
0.0000000e+00 1.0000000e+00
1.0000000e+00 1.0000000e+00
0.0000000e+00 7.0983760e-01
1.2825800e-02 0.0000000e+00
1.0000000e+00 6.1906100e-02
1.0000000e+00 6.9525160e-01
3.3093190e-01 0.0000000e+00
0.0000000e+00 9.6230980e-01
6.1186740e-01 0.0000000e+00
0.0000000e+00 7.3102320e-01
6.6589860e-01 0.0000000e+00
3.1761380e-01 1.0000000e+00
7.1555350e-01 0.0000000e+00
7.4435680e-01 1.0000000e+00
4.2176760e-01 1.0000000e+00
8.7919400e-02 0.0000000e+00
1.3082060e-01 1.0000000e+00
7.5486730e-01 0.0000000e+00
9.3430420e-01 0.0000000e+00
3.9374670e-01 1.0000000e+00
1.0000000e+00 4.5614570e-01
1.4815700e-01 1.0000000e+00
3.7198130e-01 0.0000000e+00
1.0000000e+00 4.5377510e-01
6.1391640e-01 0.0000000e+00
3.6258530e-01 0.0000000e+00
0.0000000e+00 4.7783710e-01
3.3325760e-01 0.0000000e+00
0.0000000e+00 4.9513860e-01
9.1925330e-01 1.0000000e+00
1.0000000e+00 7.2130100e-02
7.4201970e-01 0.0000000e+00
0.0000000e+00 3.1324580e-01
1.0000000e+00 4.4922710e-01
6.9086700e-02 1.0000000e+00
4.6706870e-01 1.0000000e+00
0.0000000e+00 3.2099850e-01
6.2368300e-01 1.0000000e+00
7.2761390e-01 1.0000000e+00
0.0000000e+00 8.3863480e-01
1.0000000e+00 9.6102630e-01
6.7979190e-01 0.0000000e+00
1.0131360e-01 1.0000000e+00
1.0000000e+00 1.1509420e-01
0.0000000e+00 3.6208930e-01
8.3255700e-02 1.0000000e+00
1.0000000e+00 9.9604060e-01
0.0000000e+00 7.2684460e-01
4.4379460e-01 0.0000000e+00
0.0000000e+00 9.5924390e-01
0.0000000e+00 3.6665180e-01
1.0000000e+00 1.9329150e-01
5.0074150e-01 0.0000000e+00
1.0000000e+00 6.0749160e-01
3.2191920e-01 0.0000000e+00
8.8487680e-01 0.0000000e+00
0.0000000e+00 8.0969680e-01
0.0000000e+00 2.6939430e-01
7.9028810e-01 1.0000000e+00
9.7644860e-01 0.0000000e+00
8.7837520e-01 1.0000000e+00
0.0000000e+00 1.0065840e-01
6.0388800e-02 1.0000000e+00
0.0000000e+00 8.0877380e-01
1.0000000e+00 8.9784370e-01
3.0839900e-02 0.0000000e+00
7.0472150e-01 0.0000000e+00
0.0000000e+00 6.8526970e-01
1.0000000e+00 8.3903320e-01
3.2060690e-01 1.0000000e+00
1.0000000e+00 2.5020800e-01
1.0000000e+00 7.2408700e-02
6.6535500e-02 0.0000000e+00
7.7469560e-01 0.0000000e+00
9.9643940e-01 0.0000000e+00
0.0000000e+00 5.1858580e-01
1.0000000e+00 2.7608410e-01
3.7130660e-01 0.0000000e+00
3.9542830e-01 0.0000000e+00
2.7881930e-01 0.0000000e+00
0.0000000e+00 2.4221820e-01
0.0000000e+00 4.4660750e-01
9.5628900e-02 0.0000000e+00
8.3219280e-01 0.0000000e+00
1.0000000e+00 8.5546680e-01
0.0000000e+00 2.9335040e-01
2.0828440e-01 0.0000000e+00
0.0000000e+00 9.4029220e-01
0.0000000e+00 6.5832050e-01
1.0000000e+00 1.1844590e-01
1.0000000e+00 4.9410600e-01
1.0000000e+00 9.3179460e-01
1.1550180e-01 0.0000000e+00
6.1894060e-01 1.0000000e+00
0.0000000e+00 3.5044700e-01
8.9152690e-01 0.0000000e+00
1.0000000e+00 5.7209270e-01
4.7718500e-02 0.0000000e+00
0.0000000e+00 7.6770890e-01
4.3988680e-01 0.0000000e+00
0.0000000e+00 3.7836730e-01
7.4353800e-01 0.0000000e+00
6.9179350e-01 1.0000000e+00
7.9667460e-01 1.0000000e+00
4.5629470e-01 0.0000000e+00
4.8443620e-01 1.0000000e+00
1.4624680e-01 1.0000000e+00
1.5075090e-01 1.0000000e+00
9.8824160e-01 1.0000000e+00
9.3539910e-01 1.0000000e+00
3.7674430e-01 0.0000000e+00
0.0000000e+00 2.4624250e-01
1.0000000e+00 3.0737650e-01
7.0857590e-01 0.0000000e+00
0.0000000e+00 7.8487240e-01
1.0000000e+00 5.2047420e-01
0.0000000e+00 5.6244950e-01
5.4228670e-01 1.0000000e+00
2.3796390e-01 0.0000000e+00
9.5958650e-01 1.0000000e+00
5.9602420e-01 1.0000000e+00
2.7628410e-01 0.0000000e+00
0.0000000e+00 2.3361080e-01
0.0000000e+00 7.5371920e-01
7.3662650e-01 1.0000000e+00
6.4811830e-01 0.0000000e+00
