0.0000000e+00 0.0000000e+00
1.0000000e+00 0.0000000e+00
0.0000000e+00 1.0000000e+00
1.0000000e+00 1.0000000e+00
1.5404720e-01 1.0000000e+00
0.0000000e+00 7.0138490e-01
3.0250980e-01 1.0000000e+00
1.0000000e+00 8.7283130e-01
1.0000000e+00 9.8784860e-01
6.9893390e-01 1.0000000e+00
0.0000000e+00 2.4347780e-01
1.0000000e+00 6.0431290e-01
8.6089240e-01 0.0000000e+00
2.7300080e-01 0.0000000e+00
3.8595660e-01 1.0000000e+00
1.0000000e+00 2.0983810e-01
0.0000000e+00 8.8132310e-01
5.0080540e-01 0.0000000e+00
5.6509640e-01 1.0000000e+00
2.6195000e-03 1.0000000e+00
0.0000000e+00 4.3631200e-01
2.3943150e-01 0.0000000e+00
0.0000000e+00 5.7195270e-01
1.6579720e-01 1.0000000e+00
4.0147790e-01 1.0000000e+00
0.0000000e+00 8.3770090e-01
1.7050530e-01 0.0000000e+00
1.0000000e+00 9.4729610e-01
8.9966460e-01 1.0000000e+00
4.6767540e-01 1.0000000e+00
1.0000000e+00 4.9093400e-01
1.0000000e+00 5.1688340e-01
1.0000000e+00 3.5239200e-01
3.4099650e-01 1.0000000e+00
1.0000000e+00 5.2203310e-01
1.0000000e+00 1.6344550e-01
7.5367330e-01 1.0000000e+00
1.0000000e+00 7.5775630e-01
1.0000000e+00 1.2564190e-01
4.2037390e-01 0.0000000e+00
9.2332590e-01 0.0000000e+00
2.8977330e-01 0.0000000e+00
1.0000000e+00 6.8202800e-01
7.9433910e-01 1.0000000e+00
0.0000000e+00 5.6416130e-01
1.0000000e+00 3.9412140e-01
3.3541130e-01 1.0000000e+00
8.9092760e-01 1.0000000e+00
1.0000000e+00 7.0986000e-01
1.0000000e+00 6.0460790e-01
0.0000000e+00 8.9203890e-01
0.0000000e+00 1.6647500e-02
2.8489260e-01 1.0000000e+00
0.0000000e+00 1.0890510e-01
0.0000000e+00 4.5567490e-01
1.0000000e+00 7.3668880e-01
0.0000000e+00 3.7260860e-01
3.6074170e-01 1.0000000e+00
4.4557930e-01 0.0000000e+00
0.0000000e+00 7.6498030e-01
3.2910300e-01 0.0000000e+00
6.7775620e-01 0.0000000e+00
1.0000000e+00 5.3304740e-01
0.0000000e+00 6.1831650e-01
1.0000000e+00 1.0728440e-01
1.0000000e+00 2.8058870e-01
7.7368950e-01 1.0000000e+00
0.0000000e+00 5.1500630e-01
0.0000000e+00 5.7261450e-01
2.5567150e-01 1.0000000e+00
1.0000000e+00 6.8992120e-01
5.8840090e-01 1.0000000e+00
1.0000000e+00 2.0691180e-01
0.0000000e+00 7.5659310e-01
9.2558580e-01 1.0000000e+00
0.0000000e+00 4.0571640e-01
0.0000000e+00 7.8614170e-01
0.0000000e+00 3.5090520e-01
2.2354430e-01 0.0000000e+00
8.4805200e-02 0.0000000e+00
1.0000000e+00 8.8832300e-01
1.9806510e-01 1.0000000e+00
1.0000000e+00 5.2490130e-01
3.1841850e-01 1.0000000e+00
1.6564680e-01 1.0000000e+00
0.0000000e+00 4.8750460e-01
8.7714940e-01 0.0000000e+00
2.4167600e-01 1.0000000e+00
0.0000000e+00 2.1779920e-01
4.9730220e-01 0.0000000e+00
8.9506150e-01 0.0000000e+00
1.0000000e+00 8.8995260e-01
0.0000000e+00 4.9224900e-01
0.0000000e+00 4.5832060e-01
0.0000000e+00 3.0656330e-01
5.2026310e-01 1.0000000e+00
0.0000000e+00 9.0173300e-01
3.1725750e-01 0.0000000e+00
4.2060540e-01 1.0000000e+00
1.0000000e+00 3.1563210e-01
1.0000000e+00 9.1569670e-01
1.0000000e+00 7.8828430e-01
0.0000000e+00 7.9049770e-01
0.0000000e+00 2.2320300e-01
8.2907960e-01 0.0000000e+00
0.0000000e+00 5.7146210e-01
8.7975890e-01 0.0000000e+00
1.0000000e+00 2.1681320e-01
0.0000000e+00 6.0947500e-01
1.0000000e+00 3.0323910e-01
4.9839740e-01 1.0000000e+00
9.1549630e-01 1.0000000e+00
1.7551310e-01 1.0000000e+00
8.1930250e-01 1.0000000e+00
1.0000000e+00 1.0585100e-01
1.0000000e+00 6.2830360e-01
0.0000000e+00 8.0047960e-01
3.8978570e-01 0.0000000e+00
1.0000000e+00 1.6405210e-01
1.0000000e+00 2.5713590e-01
1.0000000e+00 3.4932100e-02
0.0000000e+00 7.0193980e-01
1.0000000e+00 4.3301210e-01
3.0108750e-01 1.0000000e+00
6.0820220e-01 1.0000000e+00
5.6926820e-01 1.0000000e+00
1.9021700e-01 0.0000000e+00
0.0000000e+00 1.1978770e-01
