0.0000000e+00 0.0000000e+00
1.0000000e+00 0.0000000e+00
0.0000000e+00 1.0000000e+00
1.0000000e+00 1.0000000e+00
4.0317400e-01 0.0000000e+00
4.1769600e-01 0.0000000e+00
7.6099200e-02 0.0000000e+00
1.5348370e-01 1.0000000e+00
2.0074660e-01 0.0000000e+00
9.1224160e-01 1.0000000e+00
0.0000000e+00 2.2766360e-01
0.0000000e+00 8.0446020e-01
3.4703740e-01 1.0000000e+00
5.7208930e-01 1.0000000e+00
8.4197470e-01 1.0000000e+00
2.3853670e-01 1.0000000e+00
3.6949590e-01 0.0000000e+00
3.0173010e-01 1.0000000e+00
5.1201340e-01 0.0000000e+00
1.0000000e+00 6.0162420e-01
6.4023180e-01 0.0000000e+00
7.2639690e-01 1.0000000e+00
0.0000000e+00 3.1707810e-01
1.0000000e+00 4.4352930e-01
1.0000000e+00 5.8894650e-01
1.0000000e+00 3.8421620e-01
8.0338270e-01 1.0000000e+00
0.0000000e+00 1.9737050e-01
0.0000000e+00 6.1646620e-01
1.0000000e+00 8.7641610e-01
1.0000000e+00 7.8666310e-01
8.1910700e-02 0.0000000e+00
7.7860630e-01 0.0000000e+00
8.3649620e-01 0.0000000e+00
7.8579700e-02 0.0000000e+00
0.0000000e+00 4.1028510e-01
4.0207550e-01 0.0000000e+00
1.4890340e-01 1.0000000e+00
1.0000000e+00 5.8993300e-01
5.2490160e-01 1.0000000e+00
1.0000000e+00 9.6020280e-01
2.8770960e-01 0.0000000e+00
1.5534900e-02 1.0000000e+00
4.1248200e-02 1.0000000e+00
5.5174880e-01 1.0000000e+00
0.0000000e+00 8.2362160e-01
6.1556300e-02 0.0000000e+00
1.0000000e+00 8.0436900e-02
0.0000000e+00 5.0765370e-01
1.0000000e+00 6.9210160e-01
1.0000000e+00 5.1205500e-01
1.8048970e-01 0.0000000e+00
0.0000000e+00 2.5456650e-01
6.0435880e-01 0.0000000e+00
1.0000000e+00 1.5230190e-01
1.0000000e+00 8.7019280e-01
0.0000000e+00 1.4896260e-01
6.7341270e-01 0.0000000e+00
5.5033890e-01 1.0000000e+00
1.0000000e+00 9.3903240e-01
3.0977480e-01 1.0000000e+00
1.0000000e+00 8.2072410e-01
0.0000000e+00 6.3930850e-01
0.0000000e+00 4.1780860e-01
1.0000000e+00 2.6323050e-01
1.0000000e+00 4.7694070e-01
1.0000000e+00 2.7840580e-01
6.8804850e-01 1.0000000e+00
1.0000000e+00 2.7063470e-01
6.1698500e-02 0.0000000e+00
1.0000000e+00 8.9150090e-01
8.9571770e-01 1.0000000e+00
0.0000000e+00 4.9218760e-01
6.2103390e-01 0.0000000e+00
4.8024810e-01 0.0000000e+00
1.0000000e+00 1.7591700e-01
4.0936340e-01 1.0000000e+00
3.2948900e-01 0.0000000e+00
1.0000000e+00 9.5335850e-01
1.0000000e+00 6.9543040e-01
1.0000000e+00 2.7701860e-01
0.0000000e+00 1.0188720e-01
0.0000000e+00 1.4858180e-01
0.0000000e+00 8.5093230e-01
0.0000000e+00 4.5026230e-01
8.5188790e-01 0.0000000e+00
1.0000000e+00 5.8202310e-01
9.7974390e-01 0.0000000e+00
1.0000000e+00 6.1585010e-01
1.0000000e+00 3.6721190e-01
2.7297950e-01 0.0000000e+00
1.0000000e+00 9.5647600e-01
1.0000000e+00 2.0065770e-01
4.4456020e-01 1.0000000e+00
6.0310520e-01 1.0000000e+00
1.0000000e+00 6.9502670e-01
7.8088940e-01 0.0000000e+00
5.1082160e-01 1.0000000e+00
0.0000000e+00 8.9166570e-01
7.1919610e-01 1.0000000e+00
1.0000000e+00 3.3884110e-01
0.0000000e+00 8.4310380e-01
6.4800260e-01 1.0000000e+00
1.0283540e-01 1.0000000e+00
8.5049600e-02 1.0000000e+00
7.4960330e-01 1.0000000e+00
9.3789520e-01 0.0000000e+00
0.0000000e+00 8.1996060e-01
0.0000000e+00 1.4948120e-01
7.8808010e-01 0.0000000e+00
1.0000000e+00 8.5256400e-02
0.0000000e+00 2.0543400e-02
0.0000000e+00 2.2798000e-03
1.0000000e+00 3.4277240e-01
7.9898000e-01 0.0000000e+00
1.0000000e+00 8.5429920e-01
9.9915600e-02 0.0000000e+00
1.2104990e-01 1.0000000e+00
7.8890360e-01 1.0000000e+00
6.1618230e-01 1.0000000e+00
9.4563400e-02 1.0000000e+00
1.0000000e+00 8.3961410e-01
1.0000000e+00 2.2590830e-01
0.0000000e+00 3.7533700e-02
1.0000000e+00 3.7579680e-01
4.0814500e-01 1.0000000e+00
0.0000000e+00 5.9626570e-01
5.6088890e-01 1.0000000e+00
