0.0000000e+00 0.0000000e+00
1.0000000e+00 0.0000000e+00
0.0000000e+00 1.0000000e+00
1.0000000e+00 1.0000000e+00
1.0000000e+00 3.9862950e-01
4.3283040e-01 1.0000000e+00
2.7140390e-01 1.0000000e+00
8.4218210e-01 0.0000000e+00
1.0000000e+00 5.0584190e-01
6.7357970e-01 0.0000000e+00
0.0000000e+00 5.4224650e-01
1.0946730e-01 1.0000000e+00
5.0295290e-01 1.0000000e+00
6.9670020e-01 1.0000000e+00
1.0000000e+00 2.0079490e-01
0.0000000e+00 6.1421380e-01
0.0000000e+00 7.3987010e-01
7.4624050e-01 1.0000000e+00
1.0000000e+00 2.0884870e-01
1.6186480e-01 1.0000000e+00
2.5390940e-01 1.0000000e+00
3.3040330e-01 0.0000000e+00
4.5771760e-01 1.0000000e+00
0.0000000e+00 7.1762030e-01
1.0000000e+00 5.8429430e-01
1.0000000e+00 1.7973240e-01
0.0000000e+00 1.8038230e-01
7.8707800e-02 0.0000000e+00
1.0000000e+00 6.8038000e-03
1.0000000e+00 2.2179310e-01
7.7655400e-02 0.0000000e+00
1.0000000e+00 1.4417750e-01
1.0000000e+00 7.8650270e-01
7.4992580e-01 0.0000000e+00
7.4537320e-01 1.0000000e+00
0.0000000e+00 7.1830920e-01
3.0708820e-01 1.0000000e+00
7.4485640e-01 1.0000000e+00
1.0000000e+00 6.9522350e-01
1.0000000e+00 2.4477440e-01
1.0000000e+00 4.8656280e-01
1.0000000e+00 7.8263660e-01
1.6561180e-01 1.0000000e+00
5.7778530e-01 0.0000000e+00
3.1280570e-01 0.0000000e+00
1.0000000e+00 2.0440800e-02
1.0000000e+00 1.0821820e-01
6.5682460e-01 0.0000000e+00
0.0000000e+00 2.9360500e-01
1.0000000e+00 4.4026840e-01
0.0000000e+00 9.2337880e-01
9.4040360e-01 1.0000000e+00
0.0000000e+00 6.5493600e-02
0.0000000e+00 4.9062460e-01
9.4610150e-01 0.0000000e+00
0.0000000e+00 3.7227390e-01
5.4578720e-01 0.0000000e+00
1.0000000e+00 3.6304660e-01
4.7434370e-01 0.0000000e+00
1.0000000e+00 5.8182130e-01
1.0000000e+00 9.2740400e-02
2.3329480e-01 1.0000000e+00
1.5869990e-01 0.0000000e+00
9.9983630e-01 1.0000000e+00
9.7760960e-01 1.0000000e+00
3.0641170e-01 0.0000000e+00
2.2963030e-01 1.0000000e+00
1.0000000e+00 9.5430260e-01
8.9654740e-01 0.0000000e+00
3.2282000e-03 0.0000000e+00
5.8563840e-01 1.0000000e+00
4.5307040e-01 0.0000000e+00
6.9608600e-01 0.0000000e+00
1.0000000e+00 8.5236940e-01
4.8088230e-01 0.0000000e+00
0.0000000e+00 8.3928830e-01
8.3133570e-01 0.0000000e+00
1.0000000e+00 7.9692630e-01
0.0000000e+00 5.4892500e-02
1.0000000e+00 5.4448760e-01
0.0000000e+00 4.1288800e-02
6.0762200e-01 1.0000000e+00
4.8285170e-01 1.0000000e+00
6.9630250e-01 1.0000000e+00
3.6539070e-01 1.0000000e+00
1.6834380e-01 0.0000000e+00
1.1594190e-01 0.0000000e+00
1.0000000e+00 1.1483300e-02
7.7429600e-02 0.0000000e+00
0.0000000e+00 5.7520090e-01
5.3865940e-01 1.0000000e+00
1.0000000e+00 7.0775850e-01
3.1561770e-01 0.0000000e+00
1.8466510e-01 0.0000000e+00
1.0000000e+00 8.6612940e-01
0.0000000e+00 8.9295000e-02
7.9350920e-01 0.0000000e+00
3.8105290e-01 0.0000000e+00
1.0000000e+00 6.5116600e-02
4.0303000e-03 1.0000000e+00
8.8656390e-01 1.0000000e+00
3.9881660e-01 1.0000000e+00
6.3964380e-01 0.0000000e+00
0.0000000e+00 7.9019780e-01
9.2755230e-01 0.0000000e+00
1.4135500e-01 1.0000000e+00
0.0000000e+00 6.8852900e-01
9.9860580e-01 0.0000000e+00
1.4438210e-01 0.0000000e+00
5.8876830e-01 0.0000000e+00
6.2360260e-01 1.0000000e+00
0.0000000e+00 4.2181600e-01
0.0000000e+00 2.9403730e-01
0.0000000e+00 7.5790760e-01
7.4544630e-01 0.0000000e+00
1.6587480e-01 0.0000000e+00
1.0000000e+00 7.2535950e-01
8.7076900e-01 1.0000000e+00
1.1451190e-01 1.0000000e+00
1.0000000e+00 1.7060710e-01
1.7074190e-01 1.0000000e+00
3.7065960e-01 0.0000000e+00
6.2855160e-01 1.0000000e+00
5.7277890e-01 1.0000000e+00
1.0000000e+00 4.0742790e-01
5.1738220e-01 1.0000000e+00
3.2306310e-01 0.0000000e+00
1.0000000e+00 3.0252060e-01
