0.0000000e+00 9.9427440e-01
7.3949710e-01 1.0000000e+00
1.7810170e-01 0.0000000e+00
2.3606290e-01 1.0000000e+00
4.3097580e-01 1.0000000e+00
0.0000000e+00 1.1818810e-01
0.0000000e+00 3.9818580e-01
1.0000000e+00 5.4789920e-01
1.0000000e+00 5.4268000e-02
2.0146230e-01 0.0000000e+00
0.0000000e+00 6.7047820e-01
1.0000000e+00 4.2719450e-01
1.0000000e+00 1.0022930e-01
1.0000000e+00 8.5570070e-01
8.0539640e-01 0.0000000e+00
1.0000000e+00 3.7115100e-02
9.7830470e-01 1.0000000e+00
1.0000000e+00 4.6895820e-01
0.0000000e+00 1.8835670e-01
0.0000000e+00 4.8338400e-01
3.2026790e-01 0.0000000e+00
1.0000000e+00 6.3735360e-01
0.0000000e+00 5.3290750e-01
1.0000000e+00 4.9359800e-02
9.0151480e-01 1.0000000e+00
7.1009530e-01 0.0000000e+00
1.2998330e-01 0.0000000e+00
7.1075600e-01 0.0000000e+00
5.5753540e-01 1.0000000e+00
2.1299520e-01 0.0000000e+00
0.0000000e+00 0.0000000e+00
0.0000000e+00 6.6028090e-01
0.0000000e+00 6.7511980e-01
6.0607360e-01 0.0000000e+00
1.0000000e+00 7.7192440e-01
1.0000000e+00 7.8356150e-01
0.0000000e+00 8.8959710e-01
0.0000000e+00 8.1370800e-01
1.0000000e+00 2.9199020e-01
0.0000000e+00 2.7141560e-01
1.0000000e+00 7.6543730e-01
6.2331380e-01 0.0000000e+00
1.0000000e+00 5.8899460e-01
0.0000000e+00 3.4255740e-01
0.0000000e+00 2.6318620e-01
8.2934580e-01 1.0000000e+00
0.0000000e+00 8.4100260e-01
8.1607920e-01 1.0000000e+00
0.0000000e+00 2.6627310e-01
6.1074000e-02 1.0000000e+00
0.0000000e+00 6.7475900e-01
9.8150120e-01 0.0000000e+00
0.0000000e+00 9.4789720e-01
1.2108190e-01 1.0000000e+00
1.0000000e+00 4.9448090e-01
3.7245350e-01 1.0000000e+00
0.0000000e+00 8.7205380e-01
3.1430100e-01 1.0000000e+00
5.9489200e-02 0.0000000e+00
0.0000000e+00 1.3646240e-01
7.8397850e-01 0.0000000e+00
1.0000000e+00 6.1712330e-01
0.0000000e+00 6.4816400e-01
5.7346550e-01 1.0000000e+00
0.0000000e+00 3.7881010e-01
1.0000000e+00 1.4905420e-01
8.1919030e-01 1.0000000e+00
1.0000000e+00 3.3309630e-01
2.6960910e-01 1.0000000e+00
0.0000000e+00 4.6597070e-01
2.8132390e-01 0.0000000e+00
3.3195780e-01 0.0000000e+00
8.8072750e-01 0.0000000e+00
1.0000000e+00 1.9540030e-01
5.6648620e-01 1.0000000e+00
1.0000000e+00 3.9664660e-01
0.0000000e+00 2.9465260e-01
1.0000000e+00 9.8196650e-01
1.0000000e+00 5.9578910e-01
9.7095580e-01 1.0000000e+00
1.0000000e+00 0.0000000e+00
0.0000000e+00 9.4018900e-02
2.1889600e-02 0.0000000e+00
5.2312310e-01 0.0000000e+00
0.0000000e+00 6.2334380e-01
1.0000000e+00 6.2816650e-01
0.0000000e+00 3.2617590e-01
3.7599980e-01 0.0000000e+00
5.9247540e-01 1.0000000e+00
4.4056570e-01 0.0000000e+00
7.3838040e-01 0.0000000e+00
4.8382960e-01 0.0000000e+00
0.0000000e+00 3.9223080e-01
8.1006590e-01 1.0000000e+00
9.2200260e-01 1.0000000e+00
2.3488800e-01 1.0000000e+00
7.9767670e-01 1.0000000e+00
0.0000000e+00 9.2569090e-01
0.0000000e+00 9.1352650e-01
0.0000000e+00 5.4092550e-01
5.0583060e-01 0.0000000e+00
1.0000000e+00 1.9147200e-02
1.0000000e+00 6.5807530e-01
5.0253250e-01 1.0000000e+00
0.0000000e+00 9.0410200e-01
0.0000000e+00 2.0275050e-01
1.0000000e+00 8.3428470e-01
1.0000000e+00 2.0014910e-01
0.0000000e+00 1.8317400e-01
0.0000000e+00 1.1966510e-01
1.7137070e-01 0.0000000e+00
1.0000000e+00 2.1653440e-01
5.9113470e-01 1.0000000e+00
0.0000000e+00 1.3476390e-01
4.8753020e-01 0.0000000e+00
0.0000000e+00 1.0000000e+00
0.0000000e+00 5.2774760e-01
6.8110560e-01 0.0000000e+00
9.4360540e-01 0.0000000e+00
0.0000000e+00 5.6075210e-01
0.0000000e+00 2.2219300e-02
0.0000000e+00 7.4894910e-01
0.0000000e+00 9.5461760e-01
1.0000000e+00 1.0000000e+00
2.0288450e-01 0.0000000e+00
1.0000000e+00 5.6808690e-01
8.8549290e-01 1.0000000e+00
1.3851240e-01 0.0000000e+00
