1.0000000e+00 4.7173000e-01
1.0000000e+00 8.8861770e-01
7.8804710e-01 1.0000000e+00
0.0000000e+00 5.5301720e-01
0.0000000e+00 5.2498000e-03
0.0000000e+00 2.2204780e-01
0.0000000e+00 3.3317750e-01
0.0000000e+00 4.9831340e-01
0.0000000e+00 2.7630640e-01
0.0000000e+00 2.3781710e-01
0.0000000e+00 5.4844790e-01
7.8527540e-01 0.0000000e+00
2.1433810e-01 0.0000000e+00
0.0000000e+00 8.2950650e-01
9.7030550e-01 1.0000000e+00
9.4571880e-01 0.0000000e+00
1.3111130e-01 0.0000000e+00
1.2044100e-02 0.0000000e+00
0.0000000e+00 3.0604980e-01
2.5826090e-01 0.0000000e+00
1.0000000e+00 4.5770500e-02
1.0000000e+00 2.8132200e-01
4.4458240e-01 1.0000000e+00
7.4169170e-01 1.0000000e+00
4.7090420e-01 0.0000000e+00
3.4580030e-01 1.0000000e+00
1.3568130e-01 1.0000000e+00
2.0764450e-01 1.0000000e+00
0.0000000e+00 8.5334280e-01
1.8519570e-01 0.0000000e+00
1.7921840e-01 1.0000000e+00
0.0000000e+00 1.0585040e-01
1.0000000e+00 5.7409000e-03
1.0786590e-01 1.0000000e+00
8.2753700e-01 1.0000000e+00
0.0000000e+00 0.0000000e+00
5.2624730e-01 0.0000000e+00
1.5989280e-01 1.0000000e+00
9.8979060e-01 1.0000000e+00
7.5080080e-01 1.0000000e+00
1.0000000e+00 7.0085250e-01
1.0000000e+00 9.5740660e-01
0.0000000e+00 9.6740900e-01
0.0000000e+00 4.9382300e-01
6.0489620e-01 0.0000000e+00
3.6251130e-01 0.0000000e+00
4.2754990e-01 1.0000000e+00
1.0000000e+00 5.7847250e-01
9.9774600e-01 1.0000000e+00
0.0000000e+00 5.3300800e-02
1.0000000e+00 8.1474090e-01
1.8454630e-01 0.0000000e+00
0.0000000e+00 7.4428630e-01
7.4883850e-01 0.0000000e+00
0.0000000e+00 6.1422090e-01
1.0000000e+00 4.7861950e-01
8.9341340e-01 1.0000000e+00
1.0000000e+00 6.9740320e-01
8.2536120e-01 0.0000000e+00
1.0000000e+00 2.0562850e-01
5.6845790e-01 0.0000000e+00
1.0000000e+00 2.3252910e-01
2.3009830e-01 0.0000000e+00
0.0000000e+00 7.3792580e-01
0.0000000e+00 7.1761570e-01
1.0210660e-01 0.0000000e+00
1.0000000e+00 0.0000000e+00
7.3262450e-01 1.0000000e+00
1.0000000e+00 5.1925800e-01
1.0000000e+00 2.6655000e-01
0.0000000e+00 7.2682800e-01
0.0000000e+00 1.7391380e-01
0.0000000e+00 9.6430100e-02
3.5529570e-01 1.0000000e+00
0.0000000e+00 1.2931130e-01
1.0000000e+00 3.7152580e-01
6.3304560e-01 1.0000000e+00
0.0000000e+00 9.3148760e-01
0.0000000e+00 5.1748690e-01
1.0000000e+00 4.5717600e-01
1.0000000e+00 3.3229800e-02
0.0000000e+00 4.1473360e-01
9.8033880e-01 0.0000000e+00
1.0000000e+00 6.2833750e-01
3.3473290e-01 1.0000000e+00
4.1495840e-01 1.0000000e+00
0.0000000e+00 7.0737000e-01
0.0000000e+00 8.3563880e-01
0.0000000e+00 1.0766950e-01
1.0000000e+00 3.9669700e-01
2.1869220e-01 0.0000000e+00
7.4519440e-01 1.0000000e+00
1.8330530e-01 0.0000000e+00
1.6450810e-01 1.0000000e+00
1.0000000e+00 8.7982460e-01
0.0000000e+00 9.8781290e-01
3.8530580e-01 1.0000000e+00
1.0000000e+00 1.8965690e-01
1.0000000e+00 4.9909690e-01
2.4511000e-01 0.0000000e+00
1.0000000e+00 9.5008440e-01
1.6663740e-01 1.0000000e+00
0.0000000e+00 5.5185720e-01
5.8855750e-01 0.0000000e+00
5.9300090e-01 1.0000000e+00
8.5196170e-01 0.0000000e+00
9.1690700e-01 1.0000000e+00
1.0000000e+00 8.4946410e-01
7.8082390e-01 0.0000000e+00
0.0000000e+00 1.0000000e+00
9.3624460e-01 1.0000000e+00
0.0000000e+00 1.0896000e-02
1.0000000e+00 9.3209610e-01
4.0932240e-01 0.0000000e+00
3.3626530e-01 1.0000000e+00
1.0000000e+00 6.1228380e-01
0.0000000e+00 7.3674400e-01
4.2298000e-02 0.0000000e+00
6.8929690e-01 1.0000000e+00
1.0000000e+00 4.4392000e-03
1.0000000e+00 1.0000000e+00
5.7786440e-01 1.0000000e+00
0.0000000e+00 1.5772090e-01
4.3597470e-01 0.0000000e+00
0.0000000e+00 4.7140510e-01
8.1077340e-01 0.0000000e+00
9.4629660e-01 0.0000000e+00
1.0000000e+00 9.7806580e-01
