5.8261730e-01 0.0000000e+00
1.0000000e+00 4.5936860e-01
1.0000000e+00 3.0938560e-01
4.1803860e-01 1.0000000e+00
1.0000000e+00 3.4473400e-02
1.0000000e+00 7.1440140e-01
6.6003270e-01 0.0000000e+00
4.7259420e-01 0.0000000e+00
2.4134570e-01 1.0000000e+00
1.0000000e+00 7.6293520e-01
2.3661200e-02 0.0000000e+00
7.3586050e-01 1.0000000e+00
0.0000000e+00 5.1981290e-01
0.0000000e+00 6.2776890e-01
1.0000000e+00 9.5583740e-01
4.1837410e-01 1.0000000e+00
7.0116190e-01 1.0000000e+00
1.0000000e+00 8.8539800e-01
6.7930310e-01 1.0000000e+00
1.7957950e-01 1.0000000e+00
5.1002700e-02 1.0000000e+00
8.7689270e-01 1.0000000e+00
1.0000000e+00 5.5915960e-01
1.0000000e+00 3.2727970e-01
4.7015320e-01 1.0000000e+00
1.0000000e+00 1.4382400e-02
4.8549790e-01 1.0000000e+00
0.0000000e+00 0.0000000e+00
1.2885060e-01 0.0000000e+00
4.0665640e-01 1.0000000e+00
9.3500550e-01 0.0000000e+00
3.3464490e-01 0.0000000e+00
1.0000000e+00 4.4400960e-01
1.0000870e-01 0.0000000e+00
6.0041010e-01 1.0000000e+00
0.0000000e+00 1.9352540e-01
8.7815220e-01 0.0000000e+00
3.6907550e-01 1.0000000e+00
0.0000000e+00 6.6221050e-01
2.0025010e-01 0.0000000e+00
8.8076950e-01 0.0000000e+00
3.4507410e-01 0.0000000e+00
6.1815480e-01 1.0000000e+00
0.0000000e+00 3.0939230e-01
3.3568250e-01 0.0000000e+00
0.0000000e+00 1.6699400e-02
0.0000000e+00 1.6631400e-01
0.0000000e+00 5.9400290e-01
1.0000000e+00 4.8524570e-01
5.7001660e-01 0.0000000e+00
6.4894700e-01 1.0000000e+00
5.6311650e-01 0.0000000e+00
8.3132030e-01 1.0000000e+00
3.7322850e-01 0.0000000e+00
0.0000000e+00 6.6855100e-01
0.0000000e+00 2.9775740e-01
4.8894930e-01 1.0000000e+00
3.7748130e-01 1.0000000e+00
2.3363200e-02 1.0000000e+00
0.0000000e+00 1.2338660e-01
0.0000000e+00 2.1362960e-01
0.0000000e+00 2.8119090e-01
2.6865110e-01 1.0000000e+00
8.8419190e-01 1.0000000e+00
9.5768770e-01 1.0000000e+00
0.0000000e+00 2.0632810e-01
7.6600630e-01 1.0000000e+00
0.0000000e+00 9.4237120e-01
0.0000000e+00 6.5006120e-01
7.5239440e-01 1.0000000e+00
1.0000000e+00 0.0000000e+00
0.0000000e+00 8.3077210e-01
0.0000000e+00 6.4765770e-01
6.6316840e-01 0.0000000e+00
0.0000000e+00 5.5368530e-01
7.6899420e-01 0.0000000e+00
1.0000000e+00 6.4469230e-01
0.0000000e+00 5.0989310e-01
0.0000000e+00 8.8275000e-01
9.0258470e-01 1.0000000e+00
1.0000000e+00 9.9476430e-01
0.0000000e+00 1.5364530e-01
1.0000000e+00 4.0147280e-01
1.0000000e+00 4.0022660e-01
1.0000000e+00 2.9671410e-01
6.4488200e-02 0.0000000e+00
9.8871420e-01 0.0000000e+00
3.8950490e-01 1.0000000e+00
6.1400820e-01 0.0000000e+00
1.0000000e+00 2.9332090e-01
1.0000000e+00 2.9168900e-01
0.0000000e+00 4.2926440e-01
1.0000000e+00 1.1216460e-01
0.0000000e+00 3.6182590e-01
2.6562330e-01 1.0000000e+00
2.7801220e-01 1.0000000e+00
0.0000000e+00 2.7973720e-01
1.0000000e+00 8.5459460e-01
5.5575930e-01 0.0000000e+00
0.0000000e+00 2.5020390e-01
3.9293300e-01 1.0000000e+00
6.3512690e-01 1.0000000e+00
1.0000000e+00 6.8889610e-01
5.6949580e-01 1.0000000e+00
8.5904110e-01 1.0000000e+00
0.0000000e+00 5.8885460e-01
0.0000000e+00 5.7220000e-04
8.6430000e-04 1.0000000e+00
0.0000000e+00 1.0000000e+00
0.0000000e+00 1.0114500e-01
9.1745910e-01 0.0000000e+00
9.0918220e-01 1.0000000e+00
2.6075210e-01 0.0000000e+00
9.5404620e-01 0.0000000e+00
1.0000000e+00 9.9100610e-01
7.3578150e-01 0.0000000e+00
9.7155700e-02 1.0000000e+00
5.4324540e-01 1.0000000e+00
7.8575010e-01 0.0000000e+00
0.0000000e+00 8.5993200e-02
0.0000000e+00 5.0765850e-01
8.8491030e-01 0.0000000e+00
0.0000000e+00 2.0066070e-01
1.0000000e+00 1.0000000e+00
1.0000000e+00 5.8317920e-01
2.0247000e-03 1.0000000e+00
1.0000000e+00 2.2637870e-01
2.3896250e-01 1.0000000e+00
