3.3312880e-01 0.0000000e+00
2.3307200e-02 1.0000000e+00
3.8197890e-01 0.0000000e+00
1.0000000e+00 7.2629770e-01
1.0000000e+00 6.6752640e-01
0.0000000e+00 1.4924330e-01
1.0000000e+00 8.1606520e-01
6.6735010e-01 1.0000000e+00
0.0000000e+00 5.7307640e-01
9.4428460e-01 0.0000000e+00
0.0000000e+00 8.0248560e-01
6.3607900e-02 1.0000000e+00
0.0000000e+00 2.0891630e-01
6.7783780e-01 0.0000000e+00
1.0000000e+00 1.8422100e-02
4.1319360e-01 1.0000000e+00
1.0000000e+00 6.5080990e-01
1.0000000e+00 7.4093210e-01
0.0000000e+00 0.0000000e+00
3.0508220e-01 0.0000000e+00
1.0000000e+00 5.4973940e-01
0.0000000e+00 6.9630700e-02
2.0628020e-01 0.0000000e+00
2.6074040e-01 1.0000000e+00
7.2707030e-01 0.0000000e+00
7.8255680e-01 0.0000000e+00
9.3351400e-02 1.0000000e+00
0.0000000e+00 3.4660210e-01
0.0000000e+00 6.4676490e-01
4.0543700e-01 1.0000000e+00
8.9387000e-03 0.0000000e+00
1.6263910e-01 0.0000000e+00
5.5699620e-01 0.0000000e+00
2.9487480e-01 1.0000000e+00
0.0000000e+00 7.1706380e-01
1.3055530e-01 1.0000000e+00
0.0000000e+00 8.9324600e-02
8.9518860e-01 1.0000000e+00
0.0000000e+00 2.9153930e-01
7.1635390e-01 0.0000000e+00
8.2202710e-01 0.0000000e+00
1.4567630e-01 0.0000000e+00
1.8924240e-01 1.0000000e+00
1.0000000e+00 7.9894310e-01
2.5115800e-02 0.0000000e+00
7.5199510e-01 1.0000000e+00
3.0164740e-01 1.0000000e+00
5.5463200e-01 0.0000000e+00
3.1354500e-01 0.0000000e+00
1.6696370e-01 1.0000000e+00
0.0000000e+00 7.7006100e-02
1.0000000e+00 9.7224750e-01
9.9263700e-01 0.0000000e+00
0.0000000e+00 9.6523440e-01
1.9086960e-01 0.0000000e+00
0.0000000e+00 9.8023910e-01
4.0555600e-01 1.0000000e+00
7.3497070e-01 0.0000000e+00
0.0000000e+00 4.2724120e-01
1.0000000e+00 6.0231300e-02
9.1239670e-01 1.0000000e+00
8.0477200e-02 1.0000000e+00
0.0000000e+00 8.4942090e-01
1.0000000e+00 7.5225240e-01
5.3995480e-01 0.0000000e+00
1.0000000e+00 0.0000000e+00
8.7139280e-01 1.0000000e+00
0.0000000e+00 6.2454120e-01
8.7447010e-01 1.0000000e+00
0.0000000e+00 3.8942870e-01
1.0000000e+00 7.9141850e-01
2.2231340e-01 0.0000000e+00
0.0000000e+00 6.5232400e-01
7.2619380e-01 0.0000000e+00
1.0000000e+00 2.8124320e-01
1.2537140e-01 1.0000000e+00
5.2234460e-01 0.0000000e+00
0.0000000e+00 6.5204210e-01
7.7072580e-01 1.0000000e+00
2.5908750e-01 1.0000000e+00
1.6964150e-01 0.0000000e+00
3.9717700e-02 1.0000000e+00
1.0000000e+00 1.0379340e-01
1.0000000e+00 4.8791320e-01
2.4047690e-01 1.0000000e+00
1.0000000e+00 1.0238930e-01
6.8605430e-01 1.0000000e+00
0.0000000e+00 4.0707990e-01
2.7293650e-01 1.0000000e+00
0.0000000e+00 9.5943830e-01
7.6770450e-01 1.0000000e+00
9.3906320e-01 1.0000000e+00
0.0000000e+00 2.9975400e-02
0.0000000e+00 5.6405400e-01
4.3337880e-01 1.0000000e+00
1.0000000e+00 2.4580640e-01
6.7182550e-01 0.0000000e+00
0.0000000e+00 5.0639540e-01
5.4117170e-01 0.0000000e+00
0.0000000e+00 7.7395700e-01
0.0000000e+00 4.3015450e-01
4.0716800e-01 0.0000000e+00
8.7130170e-01 0.0000000e+00
3.9471400e-02 1.0000000e+00
3.9822960e-01 0.0000000e+00
9.7317400e-01 0.0000000e+00
8.9483220e-01 1.0000000e+00
0.0000000e+00 8.1493030e-01
0.0000000e+00 7.8682920e-01
0.0000000e+00 1.0000000e+00
1.0000000e+00 9.8920300e-01
8.5354190e-01 0.0000000e+00
0.0000000e+00 6.3793040e-01
9.2974780e-01 1.0000000e+00
0.0000000e+00 8.9536630e-01
1.0000000e+00 8.1406030e-01
2.8747700e-02 0.0000000e+00
1.0000000e+00 6.2011780e-01
4.9975540e-01 0.0000000e+00
0.0000000e+00 2.3916220e-01
8.4719260e-01 1.0000000e+00
0.0000000e+00 6.8553860e-01
1.0000000e+00 1.0000000e+00
5.9755440e-01 0.0000000e+00
9.8485620e-01 1.0000000e+00
0.0000000e+00 9.4101810e-01
1.0000000e+00 1.3562670e-01
5.9029630e-01 1.0000000e+00
