0.0000000e+00 0.0000000e+00
1.0000000e+00 0.0000000e+00
0.0000000e+00 1.0000000e+00
1.0000000e+00 1.0000000e+00
6.8290380e-01 0.0000000e+00
0.0000000e+00 9.0262600e-01
0.0000000e+00 4.3668060e-01
9.8649730e-01 0.0000000e+00
1.0000000e+00 8.1309160e-01
0.0000000e+00 9.7609770e-01
0.0000000e+00 5.5584080e-01
0.0000000e+00 3.3127410e-01
8.0292250e-01 0.0000000e+00
1.0000000e+00 7.6019570e-01
0.0000000e+00 3.5935340e-01
0.0000000e+00 2.4985490e-01
6.3194900e-02 0.0000000e+00
1.6966820e-01 0.0000000e+00
8.5601110e-01 0.0000000e+00
0.0000000e+00 3.1889330e-01
1.0000000e+00 5.6397710e-01
1.0000000e+00 3.0618330e-01
2.8497380e-01 0.0000000e+00
1.0000000e+00 8.1192870e-01
0.0000000e+00 3.1884020e-01
1.0000000e+00 7.7471520e-01
9.5871580e-01 1.0000000e+00
1.0000000e+00 5.2404950e-01
5.5594600e-02 0.0000000e+00
0.0000000e+00 9.4400340e-01
7.5506690e-01 0.0000000e+00
1.0000000e+00 4.4098920e-01
5.7124580e-01 1.0000000e+00
1.8638720e-01 0.0000000e+00
1.0000000e+00 4.8963860e-01
0.0000000e+00 4.7246710e-01
7.5668570e-01 1.0000000e+00
0.0000000e+00 8.0738770e-01
2.0266050e-01 1.0000000e+00
1.0000000e+00 6.5868300e-02
1.0000000e+00 4.4195740e-01
0.0000000e+00 4.1946860e-01
5.5361700e-02 1.0000000e+00
1.2725880e-01 1.0000000e+00
0.0000000e+00 2.2093950e-01
1.0000000e+00 3.5658690e-01
9.3818470e-01 0.0000000e+00
1.0000000e+00 4.7902270e-01
0.0000000e+00 9.9630040e-01
1.0000000e+00 3.0533190e-01
0.0000000e+00 3.5429210e-01
1.0000000e+00 8.3376950e-01
4.5112460e-01 0.0000000e+00
6.3565800e-02 0.0000000e+00
2.6059160e-01 1.0000000e+00
5.7764050e-01 0.0000000e+00
2.5519950e-01 0.0000000e+00
0.0000000e+00 6.7589440e-01
1.0000000e+00 6.2841390e-01
5.8221010e-01 1.0000000e+00
6.1121790e-01 0.0000000e+00
0.0000000e+00 1.1175290e-01
1.0000000e+00 6.4049380e-01
9.8403860e-01 0.0000000e+00
8.6973100e-01 0.0000000e+00
3.1251920e-01 0.0000000e+00
1.0000000e+00 1.2267020e-01
3.4749300e-01 1.0000000e+00
1.0000000e+00 5.8074870e-01
8.1729470e-01 0.0000000e+00
7.7996190e-01 0.0000000e+00
4.3365150e-01 1.0000000e+00
0.0000000e+00 9.4063810e-01
1.0000000e+00 3.0567760e-01
2.8021990e-01 1.0000000e+00
0.0000000e+00 7.9821980e-01
1.0000000e+00 6.9640500e-01
0.0000000e+00 2.2403570e-01
9.7694700e-02 0.0000000e+00
1.0000000e+00 1.6379100e-01
0.0000000e+00 7.4506540e-01
0.0000000e+00 2.1671900e-01
9.8824240e-01 0.0000000e+00
6.8797000e-03 0.0000000e+00
2.2974500e-02 0.0000000e+00
8.0786000e-03 1.0000000e+00
3.1046980e-01 0.0000000e+00
4.0389060e-01 1.0000000e+00
1.0000000e+00 7.8560330e-01
0.0000000e+00 6.1908830e-01
1.0000000e+00 9.5950840e-01
4.0693170e-01 1.0000000e+00
7.5195500e-01 0.0000000e+00
0.0000000e+00 3.7568900e-01
5.5693170e-01 1.0000000e+00
1.0000000e+00 5.0073660e-01
7.1623560e-01 1.0000000e+00
4.9039400e-01 0.0000000e+00
0.0000000e+00 3.4543010e-01
5.8535610e-01 0.0000000e+00
1.0000000e+00 5.9330870e-01
5.6227770e-01 1.0000000e+00
1.3964790e-01 0.0000000e+00
1.2716000e-02 0.0000000e+00
5.7770330e-01 0.0000000e+00
0.0000000e+00 3.4272790e-01
5.5340770e-01 0.0000000e+00
6.4849350e-01 0.0000000e+00
2.0941140e-01 1.0000000e+00
8.3479440e-01 1.0000000e+00
9.1693720e-01 1.0000000e+00
0.0000000e+00 6.8677550e-01
5.9385920e-01 1.0000000e+00
4.3539840e-01 1.0000000e+00
0.0000000e+00 2.4705930e-01
1.3472160e-01 1.0000000e+00
5.1041740e-01 0.0000000e+00
7.8957830e-01 1.0000000e+00
6.0233500e-02 1.0000000e+00
5.6880770e-01 0.0000000e+00
1.0000000e+00 8.0303120e-01
0.0000000e+00 5.8363720e-01
1.0000000e+00 1.7230150e-01
2.9173050e-01 0.0000000e+00
1.7004730e-01 0.0000000e+00
4.0470220e-01 1.0000000e+00
1.0000000e+00 4.0099400e-02
9.9915120e-01 0.0000000e+00
