0.0000000e+00 7.9403020e-01
4.5194270e-01 1.0000000e+00
3.7904120e-01 0.0000000e+00
6.8664060e-01 1.0000000e+00
8.0059170e-01 0.0000000e+00
0.0000000e+00 9.4805490e-01
5.0460210e-01 1.0000000e+00
0.0000000e+00 4.9114810e-01
9.7936080e-01 0.0000000e+00
9.1848200e-02 1.0000000e+00
5.9895360e-01 0.0000000e+00
1.0000000e+00 5.6920440e-01
1.0000000e+00 7.5992090e-01
0.0000000e+00 2.7325450e-01
0.0000000e+00 6.7336960e-01
6.9160200e-01 0.0000000e+00
0.0000000e+00 7.0795310e-01
1.0000000e+00 8.0229130e-01
0.0000000e+00 3.3016140e-01
0.0000000e+00 1.1099470e-01
0.0000000e+00 0.0000000e+00
1.0000000e+00 4.2994250e-01
2.6711550e-01 1.0000000e+00
1.0000000e+00 6.1131900e-02
1.0000000e+00 7.2600540e-01
0.0000000e+00 5.0789440e-01
5.9175830e-01 1.0000000e+00
8.9463300e-02 1.0000000e+00
8.4700600e-01 1.0000000e+00
0.0000000e+00 3.0193450e-01
0.0000000e+00 1.7876610e-01
0.0000000e+00 7.4897050e-01
0.0000000e+00 4.5906920e-01
1.0000000e+00 5.4314300e-01
1.0000000e+00 3.0036890e-01
1.0000000e+00 4.6928910e-01
1.0000000e+00 1.9405640e-01
1.0000000e+00 8.2320760e-01
0.0000000e+00 3.0668560e-01
1.0000000e+00 9.1956990e-01
1.0000000e+00 3.9898180e-01
2.7168970e-01 1.0000000e+00
0.0000000e+00 3.8638010e-01
5.7976450e-01 1.0000000e+00
6.3516550e-01 0.0000000e+00
4.9980820e-01 1.0000000e+00
6.9985060e-01 1.0000000e+00
1.3139770e-01 1.0000000e+00
1.0000000e+00 4.9678550e-01
1.7391940e-01 1.0000000e+00
1.0000000e+00 6.0910400e-02
0.0000000e+00 5.7126210e-01
9.2005740e-01 0.0000000e+00
0.0000000e+00 9.4302950e-01
1.0000000e+00 8.6016970e-01
6.9021310e-01 1.0000000e+00
7.9310340e-01 0.0000000e+00
1.0000000e+00 3.8484640e-01
1.1601800e-02 1.0000000e+00
1.2777590e-01 0.0000000e+00
1.0000000e+00 8.3192560e-01
6.7946100e-02 1.0000000e+00
6.9302790e-01 0.0000000e+00
0.0000000e+00 2.4016850e-01
7.9248070e-01 0.0000000e+00
0.0000000e+00 2.4444620e-01
1.0000000e+00 0.0000000e+00
0.0000000e+00 3.1799400e-01
1.0000000e+00 6.9628070e-01
0.0000000e+00 7.3183680e-01
1.0000000e+00 4.9378140e-01
0.0000000e+00 6.7415130e-01
6.7240200e-01 1.0000000e+00
8.9757710e-01 0.0000000e+00
2.5595920e-01 1.0000000e+00
1.0000000e+00 8.8580870e-01
1.1100520e-01 1.0000000e+00
1.0000000e+00 8.3914020e-01
3.1390990e-01 1.0000000e+00
1.4592880e-01 1.0000000e+00
7.7741080e-01 1.0000000e+00
9.5734800e-01 1.0000000e+00
6.5495480e-01 1.0000000e+00
1.4973810e-01 1.0000000e+00
6.4766340e-01 0.0000000e+00
0.0000000e+00 3.4545600e-02
7.5092720e-01 1.0000000e+00
1.0000000e+00 5.3541250e-01
0.0000000e+00 2.8946910e-01
6.3044160e-01 1.0000000e+00
1.0000000e+00 5.5412700e-02
1.0294520e-01 0.0000000e+00
3.7153500e-01 1.0000000e+00
5.9721110e-01 1.0000000e+00
9.1583150e-01 0.0000000e+00
1.0000000e+00 7.7427420e-01
7.1957700e-02 0.0000000e+00
5.2562720e-01 0.0000000e+00
0.0000000e+00 3.7078700e-02
0.0000000e+00 4.2155400e-02
1.0000000e+00 3.2243430e-01
3.9468190e-01 0.0000000e+00
1.0000000e+00 7.8471890e-01
1.0000000e+00 8.8362320e-01
0.0000000e+00 9.5532400e-02
5.5383290e-01 0.0000000e+00
1.0000000e+00 5.0071770e-01
1.0000000e+00 3.5730080e-01
0.0000000e+00 5.6773940e-01
9.8050600e-01 1.0000000e+00
6.7783750e-01 1.0000000e+00
0.0000000e+00 1.0000000e+00
0.0000000e+00 8.0643800e-01
2.4112000e-03 1.0000000e+00
0.0000000e+00 5.0514620e-01
0.0000000e+00 1.0714030e-01
3.3589900e-02 0.0000000e+00
6.7448520e-01 0.0000000e+00
0.0000000e+00 6.7045720e-01
3.8762070e-01 0.0000000e+00
1.3335350e-01 0.0000000e+00
0.0000000e+00 3.2435000e-01
2.1005240e-01 1.0000000e+00
0.0000000e+00 6.5139850e-01
1.0000000e+00 1.0000000e+00
4.6006250e-01 1.0000000e+00
6.4729490e-01 0.0000000e+00
2.3571370e-01 0.0000000e+00
