0.0000000e+00 0.0000000e+00
1.0000000e+00 0.0000000e+00
0.0000000e+00 1.0000000e+00
1.0000000e+00 1.0000000e+00
6.2859000e-03 1.0000000e+00
6.1711900e-01 1.0000000e+00
9.9056300e-02 1.0000000e+00
1.0000000e+00 3.6719760e-01
6.3941950e-01 0.0000000e+00
1.0000000e+00 9.8573430e-01
0.0000000e+00 6.0930250e-01
0.0000000e+00 6.6279650e-01
8.6964660e-01 1.0000000e+00
0.0000000e+00 3.2663250e-01
0.0000000e+00 8.8928280e-01
1.3277080e-01 0.0000000e+00
1.0000000e+00 8.4912640e-01
5.1935900e-01 0.0000000e+00
6.9590440e-01 1.0000000e+00
5.9198290e-01 0.0000000e+00
1.9861700e-01 0.0000000e+00
3.6315470e-01 0.0000000e+00
4.7342160e-01 0.0000000e+00
4.1573610e-01 1.0000000e+00
0.0000000e+00 1.3238930e-01
1.9462270e-01 1.0000000e+00
1.0000000e+00 9.8072240e-01
0.0000000e+00 6.0526420e-01
8.8682970e-01 1.0000000e+00
6.9333670e-01 1.0000000e+00
0.0000000e+00 8.5393000e-01
7.0406800e-01 0.0000000e+00
0.0000000e+00 3.4567490e-01
1.0000000e+00 1.7963850e-01
1.0000000e+00 5.6745850e-01
0.0000000e+00 2.8124880e-01
4.6474520e-01 0.0000000e+00
1.0000000e+00 5.9614530e-01
1.0000000e+00 3.9443700e-01
0.0000000e+00 4.2835100e-02
0.0000000e+00 7.8250630e-01
1.0000000e+00 8.7129250e-01
0.0000000e+00 1.5426270e-01
7.6790600e-01 1.0000000e+00
0.0000000e+00 9.8949720e-01
2.5482360e-01 0.0000000e+00
1.6520710e-01 1.0000000e+00
1.0000000e+00 3.6252270e-01
0.0000000e+00 4.7406500e-02
2.1856730e-01 0.0000000e+00
6.1347960e-01 1.0000000e+00
1.0000000e+00 3.6897870e-01
1.0000000e+00 4.7022800e-02
1.0000000e+00 9.8574310e-01
0.0000000e+00 8.5645130e-01
0.0000000e+00 4.8397100e-01
0.0000000e+00 1.4788690e-01
0.0000000e+00 2.1048400e-01
0.0000000e+00 6.8710380e-01
1.0000000e+00 4.9781370e-01
3.0870840e-01 0.0000000e+00
1.2811550e-01 1.0000000e+00
0.0000000e+00 8.2898530e-01
0.0000000e+00 1.7239750e-01
0.0000000e+00 9.6419930e-01
6.6795000e-03 1.0000000e+00
3.2013040e-01 1.0000000e+00
1.0000000e+00 5.0144520e-01
2.7800940e-01 0.0000000e+00
2.0394630e-01 0.0000000e+00
5.6221380e-01 1.0000000e+00
7.2973840e-01 1.0000000e+00
0.0000000e+00 7.9276040e-01
3.5717090e-01 0.0000000e+00
0.0000000e+00 3.3415970e-01
1.0102800e-01 1.0000000e+00
0.0000000e+00 1.7236270e-01
0.0000000e+00 3.2626820e-01
8.0171560e-01 0.0000000e+00
2.9190300e-01 1.0000000e+00
1.0000000e+00 9.8128290e-01
0.0000000e+00 4.9520540e-01
4.1763670e-01 1.0000000e+00
0.0000000e+00 6.6150290e-01
1.0000000e+00 9.0342200e-01
0.0000000e+00 6.5126600e-01
1.2877610e-01 0.0000000e+00
4.4957490e-01 0.0000000e+00
1.7994690e-01 0.0000000e+00
4.4096480e-01 0.0000000e+00
3.1203340e-01 1.0000000e+00
1.0000000e+00 7.7276460e-01
5.1047010e-01 0.0000000e+00
0.0000000e+00 8.3992220e-01
9.8984290e-01 0.0000000e+00
3.5220650e-01 0.0000000e+00
3.4378260e-01 1.0000000e+00
1.0000000e+00 6.2068610e-01
9.4403750e-01 0.0000000e+00
0.0000000e+00 6.4773530e-01
8.3607930e-01 0.0000000e+00
9.7481500e-02 1.0000000e+00
0.0000000e+00 9.8666010e-01
0.0000000e+00 8.3561680e-01
1.0000000e+00 6.0666080e-01
4.4883230e-01 0.0000000e+00
1.8684380e-01 1.0000000e+00
9.9027800e-01 1.0000000e+00
1.0000000e+00 8.8226090e-01
3.0816280e-01 1.0000000e+00
1.0000000e+00 3.1481420e-01
2.0188800e-01 1.0000000e+00
7.0373870e-01 0.0000000e+00
2.6223690e-01 1.0000000e+00
1.0000000e+00 7.5263730e-01
9.1774330e-01 0.0000000e+00
1.0000000e+00 9.9798500e-02
1.0000000e+00 3.1357660e-01
1.0000000e+00 8.7735480e-01
5.3049800e-02 0.0000000e+00
1.0000000e+00 2.9909610e-01
0.0000000e+00 3.6167940e-01
5.3049370e-01 0.0000000e+00
5.4720790e-01 0.0000000e+00
8.5841990e-01 0.0000000e+00
0.0000000e+00 1.1667530e-01
0.0000000e+00 3.5470920e-01
0.0000000e+00 3.8933820e-01
