2.9455950e-01 0.0000000e+00
0.0000000e+00 8.7111550e-01
9.2929530e-01 0.0000000e+00
1.0000000e+00 9.3867550e-01
4.0050710e-01 0.0000000e+00
4.3328300e-02 0.0000000e+00
9.5073100e-02 1.0000000e+00
1.0000000e+00 3.0955120e-01
9.1899200e-01 1.0000000e+00
0.0000000e+00 8.2433170e-01
0.0000000e+00 3.1628460e-01
1.0000000e+00 6.4571940e-01
0.0000000e+00 3.6476590e-01
1.0000000e+00 5.4119260e-01
4.6780150e-01 1.0000000e+00
0.0000000e+00 6.6752600e-02
1.0000000e+00 3.9309400e-02
0.0000000e+00 1.2075830e-01
0.0000000e+00 4.8725450e-01
0.0000000e+00 6.7311060e-01
6.0063640e-01 0.0000000e+00
1.0000000e+00 6.8630930e-01
4.8626090e-01 0.0000000e+00
0.0000000e+00 0.0000000e+00
1.0000000e+00 3.4294090e-01
1.5853500e-02 1.0000000e+00
3.3858760e-01 1.0000000e+00
2.0946520e-01 1.0000000e+00
0.0000000e+00 7.8430590e-01
5.5038630e-01 1.0000000e+00
0.0000000e+00 4.0578580e-01
9.7935190e-01 0.0000000e+00
9.3553500e-02 1.0000000e+00
0.0000000e+00 7.8061400e-02
8.4223970e-01 1.0000000e+00
0.0000000e+00 5.0916500e-02
2.5908200e-02 0.0000000e+00
0.0000000e+00 5.0624640e-01
9.9118890e-01 1.0000000e+00
1.0000000e+00 8.1081270e-01
8.9187310e-01 0.0000000e+00
1.0000000e+00 8.5447660e-01
1.0000000e+00 2.6396300e-02
5.4723230e-01 1.0000000e+00
1.0000000e+00 8.0353000e-02
4.4822050e-01 0.0000000e+00
0.0000000e+00 1.5953030e-01
1.0000000e+00 1.8014790e-01
4.2699460e-01 1.0000000e+00
3.1140830e-01 0.0000000e+00
0.0000000e+00 3.9252560e-01
5.0091250e-01 1.0000000e+00
3.7473100e-02 1.0000000e+00
2.4216690e-01 0.0000000e+00
0.0000000e+00 2.5746750e-01
5.8232320e-01 0.0000000e+00
0.0000000e+00 2.0235630e-01
1.0000000e+00 1.9193040e-01
0.0000000e+00 2.1562140e-01
1.0000000e+00 6.5981060e-01
9.5409910e-01 0.0000000e+00
7.7590900e-01 1.0000000e+00
7.6949060e-01 0.0000000e+00
1.0000000e+00 5.3566680e-01
5.5804670e-01 0.0000000e+00
0.0000000e+00 5.2836390e-01
1.0000000e+00 0.0000000e+00
9.1402380e-01 0.0000000e+00
0.0000000e+00 7.7488430e-01
9.7557270e-01 1.0000000e+00
6.7843840e-01 1.0000000e+00
3.9608050e-01 1.0000000e+00
1.0000000e+00 6.2271910e-01
1.8303010e-01 1.0000000e+00
8.7959670e-01 1.0000000e+00
1.0000000e+00 6.1729360e-01
7.3283240e-01 1.0000000e+00
0.0000000e+00 5.4397100e-01
8.5090920e-01 1.0000000e+00
9.7796250e-01 1.0000000e+00
0.0000000e+00 9.2577480e-01
0.0000000e+00 3.7840330e-01
8.6847890e-01 0.0000000e+00
1.0000000e+00 6.8891540e-01
2.7981200e-02 0.0000000e+00
1.0000000e+00 7.0697080e-01
1.1415300e-02 1.0000000e+00
1.9584120e-01 1.0000000e+00
1.0000000e+00 3.9246250e-01
1.0000000e+00 1.0510540e-01
1.0000000e+00 1.7419950e-01
5.7216240e-01 0.0000000e+00
1.0000000e+00 2.4278150e-01
8.1220850e-01 1.0000000e+00
3.5545730e-01 1.0000000e+00
0.0000000e+00 1.5155730e-01
1.0000000e+00 8.0668940e-01
8.9888450e-01 1.0000000e+00
1.0000000e+00 7.8866770e-01
4.5957010e-01 0.0000000e+00
9.8564910e-01 0.0000000e+00
9.3346070e-01 0.0000000e+00
0.0000000e+00 6.1134290e-01
1.0000000e+00 6.0331990e-01
3.9244030e-01 1.0000000e+00
9.9034270e-01 1.0000000e+00
5.5305130e-01 0.0000000e+00
2.2719100e-02 0.0000000e+00
1.0000000e+00 9.0615560e-01
1.3897890e-01 0.0000000e+00
7.3431950e-01 0.0000000e+00
0.0000000e+00 1.0000000e+00
1.0000000e+00 6.0835830e-01
1.0000000e+00 1.9179410e-01
7.1457010e-01 0.0000000e+00
1.0000000e+00 2.6567220e-01
5.7045950e-01 1.0000000e+00
8.1130210e-01 0.0000000e+00
1.0000000e+00 8.0505140e-01
2.4940160e-01 0.0000000e+00
0.0000000e+00 2.4537110e-01
0.0000000e+00 9.9703940e-01
1.0000000e+00 1.0000000e+00
1.0000000e+00 5.5723750e-01
0.0000000e+00 5.8020960e-01
3.0687640e-01 1.0000000e+00
4.9698870e-01 0.0000000e+00
1.0000000e+00 5.2805600e-01
