5.2426330e-01 1.0000000e+00
1.0000000e+00 9.0951980e-01
0.0000000e+00 8.6436010e-01
1.0000000e+00 5.0679510e-01
0.0000000e+00 3.0850330e-01
1.3448650e-01 1.0000000e+00
5.4177010e-01 1.0000000e+00
5.3005600e-01 0.0000000e+00
1.0000000e+00 2.7471640e-01
1.0000000e+00 6.2088400e-02
3.1190830e-01 1.0000000e+00
0.0000000e+00 9.0659430e-01
8.4265940e-01 0.0000000e+00
1.0000000e+00 5.8508430e-01
1.0000000e+00 7.9500090e-01
9.0484410e-01 0.0000000e+00
1.0000000e+00 6.7314980e-01
4.9914490e-01 0.0000000e+00
6.4884280e-01 0.0000000e+00
9.3271900e-02 0.0000000e+00
5.8251680e-01 1.0000000e+00
9.3158700e-02 0.0000000e+00
0.0000000e+00 1.6091770e-01
5.1599540e-01 0.0000000e+00
1.8142000e-01 0.0000000e+00
0.0000000e+00 7.0581540e-01
0.0000000e+00 7.0624700e-02
0.0000000e+00 4.8033190e-01
0.0000000e+00 9.3958210e-01
0.0000000e+00 0.0000000e+00
0.0000000e+00 4.6368870e-01
1.0000000e+00 4.1711170e-01
2.7893240e-01 1.0000000e+00
2.3169590e-01 0.0000000e+00
0.0000000e+00 8.6140030e-01
8.4744990e-01 1.0000000e+00
1.0000000e+00 4.6127170e-01
5.3064110e-01 1.0000000e+00
0.0000000e+00 6.6335150e-01
1.0000000e+00 1.5197600e-01
1.0000000e+00 3.6253730e-01
8.6038480e-01 1.0000000e+00
1.0000000e+00 5.5866100e-02
8.2809550e-01 1.0000000e+00
7.3811650e-01 1.0000000e+00
0.0000000e+00 3.4733140e-01
1.0000000e+00 3.5529370e-01
4.6784620e-01 1.0000000e+00
2.7618800e-01 0.0000000e+00
1.0000000e+00 9.8800100e-01
0.0000000e+00 2.8052790e-01
1.0000000e+00 4.1318530e-01
1.0000000e+00 6.0853150e-01
0.0000000e+00 8.3205950e-01
6.1798500e-02 1.0000000e+00
3.8323750e-01 1.0000000e+00
5.5067920e-01 1.0000000e+00
1.0000000e+00 1.4278200e-01
1.0000000e+00 2.2792660e-01
1.0000000e+00 3.8571260e-01
2.2473230e-01 0.0000000e+00
1.0000000e+00 5.7668790e-01
3.8440480e-01 1.0000000e+00
0.0000000e+00 4.5794940e-01
1.0000000e+00 4.2206300e-01
3.4573440e-01 0.0000000e+00
1.0000000e+00 5.9204710e-01
0.0000000e+00 5.0407700e-01
5.5311470e-01 1.0000000e+00
7.0639120e-01 0.0000000e+00
6.7562620e-01 0.0000000e+00
8.3520060e-01 0.0000000e+00
0.0000000e+00 8.7181850e-01
4.8735030e-01 1.0000000e+00
6.2543870e-01 0.0000000e+00
3.1934970e-01 1.0000000e+00
1.0000000e+00 0.0000000e+00
1.0000000e+00 9.3166730e-01
1.0000000e+00 9.6583820e-01
0.0000000e+00 6.9411600e-01
3.1933140e-01 0.0000000e+00
0.0000000e+00 4.7850290e-01
4.3661580e-01 1.0000000e+00
7.2051770e-01 0.0000000e+00
0.0000000e+00 4.0793410e-01
1.0000000e+00 6.0913340e-01
8.1143550e-01 1.0000000e+00
1.0000000e+00 7.4166000e-02
0.0000000e+00 7.6148160e-01
1.0000000e+00 2.4251730e-01
0.0000000e+00 5.9505220e-01
5.8683890e-01 1.0000000e+00
9.5766240e-01 0.0000000e+00
5.9993240e-01 1.0000000e+00
1.0000000e+00 6.9599290e-01
7.5092670e-01 1.0000000e+00
4.6984940e-01 0.0000000e+00
2.6061020e-01 0.0000000e+00
1.7345570e-01 0.0000000e+00
6.5193770e-01 1.0000000e+00
4.5304550e-01 1.0000000e+00
3.7541680e-01 0.0000000e+00
1.0000000e+00 9.7284330e-01
8.1165900e-01 1.0000000e+00
1.2718940e-01 0.0000000e+00
7.5045420e-01 1.0000000e+00
0.0000000e+00 7.0057750e-01
0.0000000e+00 3.2937200e-02
1.0000000e+00 4.9519380e-01
4.5255380e-01 0.0000000e+00
9.7198400e-02 0.0000000e+00
1.3723870e-01 1.0000000e+00
0.0000000e+00 1.0000000e+00
6.4379500e-01 0.0000000e+00
0.0000000e+00 3.5426200e-02
5.4415130e-01 0.0000000e+00
9.0186750e-01 0.0000000e+00
1.0000000e+00 4.3216740e-01
9.2374260e-01 0.0000000e+00
0.0000000e+00 6.3317090e-01
4.3108200e-01 1.0000000e+00
6.7748170e-01 0.0000000e+00
0.0000000e+00 5.5929260e-01
2.8310110e-01 0.0000000e+00
1.0000000e+00 1.0000000e+00
1.0000000e+00 4.4539450e-01
0.0000000e+00 9.9391990e-01
1.0000000e+00 9.0722580e-01
