0.0000000e+00 0.0000000e+00
1.0000000e+00 0.0000000e+00
0.0000000e+00 1.0000000e+00
1.0000000e+00 1.0000000e+00
1.0000000e+00 2.2599160e-01
0.0000000e+00 5.4445360e-01
0.0000000e+00 1.9333350e-01
6.9927360e-01 0.0000000e+00
1.0000000e+00 3.0956640e-01
9.2365180e-01 1.0000000e+00
2.1071340e-01 0.0000000e+00
1.0000000e+00 9.9212540e-01
4.4551190e-01 0.0000000e+00
1.0000000e+00 9.1961440e-01
2.8720620e-01 0.0000000e+00
0.0000000e+00 2.7418640e-01
1.0000000e+00 8.7245530e-01
0.0000000e+00 1.6020840e-01
1.0000000e+00 3.7891960e-01
0.0000000e+00 4.9685700e-02
0.0000000e+00 5.7893420e-01
1.0000000e+00 7.9696330e-01
1.6761370e-01 0.0000000e+00
1.0000000e+00 5.0728030e-01
1.9481980e-01 0.0000000e+00
8.2436840e-01 1.0000000e+00
4.8911100e-01 0.0000000e+00
1.0000000e+00 6.6701130e-01
1.0000000e+00 5.9719870e-01
6.6955250e-01 0.0000000e+00
1.0000000e+00 5.1946260e-01
1.2347580e-01 1.0000000e+00
1.0000000e+00 6.5001190e-01
3.6182960e-01 0.0000000e+00
5.1027920e-01 1.0000000e+00
1.0000000e+00 8.4412830e-01
0.0000000e+00 3.5479240e-01
1.0000000e+00 4.3332400e-02
3.8987480e-01 1.0000000e+00
0.0000000e+00 6.6318400e-01
9.2933740e-01 1.0000000e+00
1.0000000e+00 1.6677250e-01
6.1912150e-01 0.0000000e+00
3.7556240e-01 1.0000000e+00
0.0000000e+00 4.5124000e-01
8.3996000e-02 0.0000000e+00
0.0000000e+00 9.5932400e-02
6.1619610e-01 0.0000000e+00
2.0769670e-01 0.0000000e+00
0.0000000e+00 2.5245120e-01
4.3956820e-01 1.0000000e+00
1.0000000e+00 4.4431800e-02
1.0000000e+00 1.8373570e-01
5.5164890e-01 0.0000000e+00
5.3898820e-01 1.0000000e+00
1.0000000e+00 7.3758060e-01
1.0000000e+00 7.9213570e-01
1.7720540e-01 1.0000000e+00
5.7098140e-01 1.0000000e+00
4.2913800e-01 0.0000000e+00
1.0000000e+00 4.6516940e-01
0.0000000e+00 3.1166200e-01
3.8317190e-01 1.0000000e+00
3.9073260e-01 0.0000000e+00
9.6855200e-01 0.0000000e+00
9.4871500e-01 0.0000000e+00
7.5417480e-01 0.0000000e+00
5.4757480e-01 1.0000000e+00
0.0000000e+00 8.2616580e-01
9.1217610e-01 1.0000000e+00
6.1849330e-01 0.0000000e+00
4.3679640e-01 0.0000000e+00
0.0000000e+00 4.9102620e-01
1.0000000e+00 9.3563350e-01
1.0000000e+00 5.6582780e-01
3.6647140e-01 1.0000000e+00
0.0000000e+00 8.2932360e-01
0.0000000e+00 7.5403620e-01
1.0000000e+00 4.3271330e-01
1.0000000e+00 7.1600170e-01
6.4540350e-01 0.0000000e+00
0.0000000e+00 5.3627970e-01
7.2535420e-01 0.0000000e+00
7.1372280e-01 1.0000000e+00
1.0000000e+00 5.8105820e-01
1.0000000e+00 1.4352840e-01
0.0000000e+00 9.3258780e-01
0.0000000e+00 1.4192870e-01
7.5175880e-01 0.0000000e+00
1.0000000e+00 7.2944600e-01
9.5167550e-01 1.0000000e+00
8.0840520e-01 1.0000000e+00
6.0081640e-01 0.0000000e+00
6.4874130e-01 1.0000000e+00
1.0000000e+00 8.0055170e-01
5.5549760e-01 0.0000000e+00
8.8634330e-01 1.0000000e+00
1.0000000e+00 6.2539050e-01
5.7173560e-01 1.0000000e+00
0.0000000e+00 5.5085530e-01
1.0000000e+00 2.4507880e-01
1.0000000e+00 5.3832780e-01
6.9491570e-01 1.0000000e+00
2.3205660e-01 0.0000000e+00
2.1866600e-01 1.0000000e+00
1.6576550e-01 0.0000000e+00
6.5979890e-01 1.0000000e+00
0.0000000e+00 8.4495320e-01
4.5627250e-01 1.0000000e+00
0.0000000e+00 4.2874310e-01
0.0000000e+00 2.2787500e-02
6.0950450e-01 1.0000000e+00
3.1272180e-01 0.0000000e+00
1.0000000e+00 4.1288780e-01
4.0889300e-01 1.0000000e+00
1.0000000e+00 1.6681620e-01
1.0000000e+00 4.7745090e-01
1.0000000e+00 8.2857600e-02
0.0000000e+00 7.8137110e-01
6.5793290e-01 0.0000000e+00
1.0000000e+00 1.8811810e-01
1.0000000e+00 6.7742610e-01
0.0000000e+00 8.4564690e-01
3.8988320e-01 1.0000000e+00
8.5933590e-01 1.0000000e+00
3.4813100e-02 0.0000000e+00
4.9328030e-01 0.0000000e+00
1.6849170e-01 1.0000000e+00
