0.0000000e+00 0.0000000e+00
1.0000000e+00 0.0000000e+00
0.0000000e+00 1.0000000e+00
1.0000000e+00 1.0000000e+00
7.1239440e-01 1.0000000e+00
7.0461030e-01 0.0000000e+00
4.3321990e-01 0.0000000e+00
0.0000000e+00 4.9925300e-02
1.8379280e-01 0.0000000e+00
3.3177230e-01 1.0000000e+00
1.0000000e+00 2.0221600e-01
1.5359670e-01 0.0000000e+00
8.7219580e-01 1.0000000e+00
1.0000000e+00 1.9890400e-01
1.0000000e+00 8.2142020e-01
6.8018460e-01 0.0000000e+00
5.7486780e-01 0.0000000e+00
8.0241780e-01 1.0000000e+00
5.7362330e-01 0.0000000e+00
9.0776080e-01 0.0000000e+00
0.0000000e+00 3.8012940e-01
1.0000000e+00 1.6918900e-02
6.9646550e-01 1.0000000e+00
1.0000000e+00 5.0559080e-01
1.0000000e+00 8.2883010e-01
1.0000000e+00 4.2262940e-01
6.0581800e-02 0.0000000e+00
2.8972150e-01 1.0000000e+00
0.0000000e+00 9.4854900e-02
1.0000000e+00 5.9563740e-01
1.4018100e-01 0.0000000e+00
7.4791770e-01 0.0000000e+00
5.9327690e-01 1.0000000e+00
4.3136550e-01 1.0000000e+00
1.0599010e-01 1.0000000e+00
0.0000000e+00 8.7165440e-01
1.7331790e-01 0.0000000e+00
9.3299730e-01 0.0000000e+00
5.3299730e-01 1.0000000e+00
9.5495160e-01 1.0000000e+00
1.0000000e+00 3.5151910e-01
3.8580860e-01 1.0000000e+00
5.8575050e-01 0.0000000e+00
1.0000000e+00 2.2542300e-02
0.0000000e+00 5.9939100e-01
8.8846630e-01 0.0000000e+00
1.0000000e+00 4.5600910e-01
3.8420800e-02 1.0000000e+00
0.0000000e+00 6.6202710e-01
7.3812850e-01 0.0000000e+00
7.4834590e-01 0.0000000e+00
4.3338540e-01 1.0000000e+00
0.0000000e+00 5.9859620e-01
8.4160250e-01 0.0000000e+00
1.0000000e+00 7.6156490e-01
0.0000000e+00 2.0394290e-01
1.0000000e+00 3.4702640e-01
0.0000000e+00 1.1619400e-01
6.7931470e-01 0.0000000e+00
0.0000000e+00 6.8757660e-01
0.0000000e+00 3.1324300e-02
0.0000000e+00 7.1612380e-01
5.4907560e-01 0.0000000e+00
7.6627400e-01 1.0000000e+00
5.3416240e-01 0.0000000e+00
0.0000000e+00 6.6309910e-01
1.0000000e+00 4.1262730e-01
2.8194050e-01 1.0000000e+00
6.1320190e-01 1.0000000e+00
0.0000000e+00 9.2473950e-01
1.0000000e+00 8.3009030e-01
0.0000000e+00 5.9970940e-01
8.5683960e-01 1.0000000e+00
0.0000000e+00 6.8042970e-01
1.1288900e-01 0.0000000e+00
1.0000000e+00 3.3673420e-01
0.0000000e+00 4.4349610e-01
0.0000000e+00 5.1505700e-01
1.0000000e+00 6.5305640e-01
7.2991080e-01 1.0000000e+00
0.0000000e+00 7.3474820e-01
1.0000000e+00 6.6566440e-01
6.6261540e-01 1.0000000e+00
5.2032420e-01 1.0000000e+00
9.3581870e-01 1.0000000e+00
3.3032650e-01 0.0000000e+00
6.2962800e-02 0.0000000e+00
8.2595670e-01 0.0000000e+00
1.0000000e+00 2.5291750e-01
1.0000000e+00 4.3972660e-01
5.2859310e-01 1.0000000e+00
1.0000000e+00 7.6057170e-01
3.9221380e-01 1.0000000e+00
1.0000000e+00 3.8754940e-01
1.0000000e+00 7.1512400e-01
1.0000000e+00 7.5293400e-02
1.0000000e+00 4.7255500e-02
1.0000000e+00 5.1390000e-04
4.6674840e-01 1.0000000e+00
2.9238180e-01 1.0000000e+00
6.5702110e-01 0.0000000e+00
1.4370980e-01 0.0000000e+00
1.0000000e+00 5.6519180e-01
2.9199870e-01 1.0000000e+00
9.3510340e-01 1.0000000e+00
0.0000000e+00 8.3195840e-01
1.0000000e+00 9.9933000e-01
5.7766020e-01 1.0000000e+00
1.0000000e+00 2.0022580e-01
7.1638980e-01 1.0000000e+00
0.0000000e+00 2.9076930e-01
1.0000000e+00 3.4680590e-01
0.0000000e+00 9.2271080e-01
4.4195820e-01 1.0000000e+00
7.1025130e-01 0.0000000e+00
7.8697190e-01 0.0000000e+00
1.0000000e+00 4.8795960e-01
0.0000000e+00 5.5296250e-01
4.3706020e-01 1.0000000e+00
6.0864030e-01 1.0000000e+00
0.0000000e+00 7.3633060e-01
1.0000000e+00 2.8936260e-01
7.4463660e-01 1.0000000e+00
2.4911990e-01 1.0000000e+00
4.3395490e-01 0.0000000e+00
6.9477060e-01 1.0000000e+00
1.0000000e+00 5.4562550e-01
1.0000000e+00 1.2090150e-01
