0.0000000e+00 0.0000000e+00
1.0000000e+00 0.0000000e+00
0.0000000e+00 1.0000000e+00
1.0000000e+00 1.0000000e+00
9.6915670e-01 1.0000000e+00
5.2932480e-01 0.0000000e+00
1.0000000e+00 2.9334210e-01
5.3895540e-01 0.0000000e+00
1.0000000e+00 5.7801010e-01
2.1934800e-01 1.0000000e+00
9.6181940e-01 0.0000000e+00
0.0000000e+00 6.6419810e-01
5.3163190e-01 1.0000000e+00
0.0000000e+00 3.6829710e-01
1.0000000e+00 2.7313350e-01
4.0108410e-01 0.0000000e+00
9.1771500e-01 1.0000000e+00
4.8341290e-01 0.0000000e+00
1.0000000e+00 5.5216610e-01
4.1015080e-01 1.0000000e+00
8.1846400e-02 0.0000000e+00
6.5948090e-01 1.0000000e+00
8.3324860e-01 1.0000000e+00
1.0000000e+00 6.5563960e-01
0.0000000e+00 8.6885980e-01
1.0000000e+00 6.1057620e-01
1.0000000e+00 7.9154700e-01
1.0000000e+00 7.6574600e-02
0.0000000e+00 9.5001900e-01
7.0337990e-01 1.0000000e+00
0.0000000e+00 6.8781120e-01
0.0000000e+00 5.7865940e-01
0.0000000e+00 4.0958220e-01
1.0000000e+00 9.1237960e-01
7.4610670e-01 0.0000000e+00
8.2514600e-01 0.0000000e+00
2.4148920e-01 1.0000000e+00
9.0538910e-01 1.0000000e+00
0.0000000e+00 2.9066980e-01
5.0285500e-02 1.0000000e+00
0.0000000e+00 6.5611450e-01
1.3751560e-01 1.0000000e+00
0.0000000e+00 8.6571510e-01
6.8270400e-02 1.0000000e+00
1.0000000e+00 4.9258160e-01
0.0000000e+00 4.5362320e-01
1.0000000e+00 2.0961410e-01
2.1317030e-01 0.0000000e+00
6.8475480e-01 1.0000000e+00
1.5476650e-01 0.0000000e+00
8.9037060e-01 0.0000000e+00
9.9969890e-01 1.0000000e+00
5.9668060e-01 0.0000000e+00
1.0000000e+00 9.4416610e-01
0.0000000e+00 4.5461000e-03
0.0000000e+00 8.5607210e-01
0.0000000e+00 5.6628910e-01
1.0000000e+00 9.6900260e-01
0.0000000e+00 3.8796450e-01
4.9469000e-03 1.0000000e+00
0.0000000e+00 1.8158300e-01
0.0000000e+00 8.2224040e-01
1.0000000e+00 2.7403620e-01
1.0000000e+00 5.8816440e-01
9.0031220e-01 0.0000000e+00
0.0000000e+00 8.0399210e-01
1.0000000e+00 8.2180340e-01
3.5863400e-02 1.0000000e+00
8.5908250e-01 0.0000000e+00
1.0000000e+00 5.5111610e-01
0.0000000e+00 1.7985390e-01
5.7803210e-01 0.0000000e+00
1.0000000e+00 8.1198580e-01
1.1282580e-01 0.0000000e+00
1.0000000e+00 2.9527010e-01
1.0000000e+00 1.9154000e-03
8.8886720e-01 0.0000000e+00
0.0000000e+00 5.6694050e-01
0.0000000e+00 9.6747800e-01
0.0000000e+00 5.6257700e-01
1.0000000e+00 8.9836250e-01
4.1059890e-01 0.0000000e+00
1.3031420e-01 1.0000000e+00
1.7750680e-01 1.0000000e+00
0.0000000e+00 1.9332080e-01
0.0000000e+00 2.7210220e-01
1.0000000e+00 6.1193530e-01
1.0000000e+00 8.1752090e-01
3.3165300e-02 1.0000000e+00
6.9592010e-01 1.0000000e+00
1.6198250e-01 0.0000000e+00
8.7590610e-01 0.0000000e+00
0.0000000e+00 7.3848640e-01
8.5265600e-02 0.0000000e+00
1.0000000e+00 8.9831580e-01
7.8276070e-01 1.0000000e+00
9.4652750e-01 1.0000000e+00
3.0935850e-01 0.0000000e+00
9.8465900e-01 0.0000000e+00
9.3976600e-01 1.0000000e+00
0.0000000e+00 5.6862120e-01
0.0000000e+00 3.4896320e-01
0.0000000e+00 3.7117500e-02
4.5714320e-01 0.0000000e+00
1.7311370e-01 0.0000000e+00
4.0291320e-01 1.0000000e+00
0.0000000e+00 9.3922550e-01
1.0000000e+00 3.1376700e-02
0.0000000e+00 8.4507860e-01
8.6163350e-01 1.0000000e+00
7.0895170e-01 0.0000000e+00
0.0000000e+00 4.2313990e-01
2.1416170e-01 0.0000000e+00
0.0000000e+00 9.9151850e-01
1.0000000e+00 4.3158000e-01
9.1556220e-01 1.0000000e+00
6.6065360e-01 1.0000000e+00
0.0000000e+00 9.7390780e-01
0.0000000e+00 6.5156000e-02
1.0000000e+00 2.9062230e-01
6.3568250e-01 0.0000000e+00
1.0000000e+00 8.0207650e-01
0.0000000e+00 2.5589020e-01
3.6614810e-01 1.0000000e+00
1.0000000e+00 2.8126280e-01
2.4989270e-01 0.0000000e+00
0.0000000e+00 2.6114310e-01
1.0000000e+00 3.2684090e-01
