2.7417840e-01 1.0000000e+00
0.0000000e+00 5.0139260e-01
5.0046720e-01 1.0000000e+00
0.0000000e+00 8.7820910e-01
0.0000000e+00 2.1618550e-01
1.0000000e+00 4.4971110e-01
1.0000000e+00 8.3671200e-02
1.0000000e+00 1.8672240e-01
1.0000000e+00 5.3952430e-01
0.0000000e+00 8.7431120e-01
1.0000000e+00 5.0946100e-01
6.9750790e-01 0.0000000e+00
1.0000000e+00 5.7712610e-01
2.1661810e-01 0.0000000e+00
8.0176500e-02 1.0000000e+00
9.5023710e-01 0.0000000e+00
1.4832650e-01 1.0000000e+00
9.3906180e-01 0.0000000e+00
6.1893300e-02 1.0000000e+00
8.0018580e-01 1.0000000e+00
1.0000000e+00 9.4762810e-01
0.0000000e+00 0.0000000e+00
1.0000000e+00 3.0360600e-02
6.6898020e-01 1.0000000e+00
5.6092670e-01 0.0000000e+00
1.0000000e+00 1.7479460e-01
0.0000000e+00 9.8078070e-01
9.1184120e-01 1.0000000e+00
0.0000000e+00 8.4328040e-01
1.0000000e+00 7.1385980e-01
1.6081780e-01 0.0000000e+00
1.0000000e+00 7.3038440e-01
0.0000000e+00 4.0370350e-01
6.0385230e-01 0.0000000e+00
8.9858100e-01 0.0000000e+00
0.0000000e+00 5.1192800e-01
1.0000000e+00 4.6374370e-01
6.8861010e-01 0.0000000e+00
0.0000000e+00 7.7590210e-01
1.0000000e+00 2.1503540e-01
1.0000000e+00 3.6725040e-01
1.0000000e+00 6.9520280e-01
0.0000000e+00 1.1076530e-01
0.0000000e+00 9.2907100e-02
0.0000000e+00 2.7288120e-01
0.0000000e+00 7.4292310e-01
1.0000000e+00 7.5919810e-01
0.0000000e+00 2.6960520e-01
1.0000000e+00 7.3206540e-01
0.0000000e+00 9.9500300e-02
1.5046830e-01 0.0000000e+00
1.0000000e+00 2.8849520e-01
1.0000000e+00 5.4173800e-02
4.5861570e-01 1.0000000e+00
0.0000000e+00 3.0547130e-01
1.9651010e-01 1.0000000e+00
6.9223400e-02 0.0000000e+00
1.0000000e+00 9.6692310e-01
7.2186030e-01 1.0000000e+00
6.6687450e-01 1.0000000e+00
3.1149140e-01 1.0000000e+00
0.0000000e+00 4.2449290e-01
9.6806020e-01 1.0000000e+00
6.9108210e-01 1.0000000e+00
2.3963150e-01 0.0000000e+00
6.0446530e-01 0.0000000e+00
1.0000000e+00 2.2460190e-01
7.2522690e-01 0.0000000e+00
0.0000000e+00 8.2958560e-01
1.0000000e+00 4.4393440e-01
2.6626220e-01 1.0000000e+00
0.0000000e+00 3.4716870e-01
1.0000000e+00 4.0455070e-01
1.0000000e+00 0.0000000e+00
8.5512340e-01 1.0000000e+00
1.0000000e+00 2.8438010e-01
4.4467710e-01 0.0000000e+00
1.0000000e+00 8.9788460e-01
9.9698730e-01 1.0000000e+00
8.2720000e-04 0.0000000e+00
1.0000000e+00 8.5107140e-01
0.0000000e+00 6.3557560e-01
3.4840000e-04 1.0000000e+00
0.0000000e+00 6.0406640e-01
5.1724650e-01 1.0000000e+00
0.0000000e+00 9.0171840e-01
1.0000000e+00 4.1106290e-01
1.0000000e+00 7.6975560e-01
1.0000000e+00 4.7437340e-01
1.0000000e+00 3.0335600e-01
2.6954770e-01 1.0000000e+00
0.0000000e+00 5.3418800e-01
1.0000000e+00 7.9735340e-01
0.0000000e+00 2.3477350e-01
3.7773700e-02 1.0000000e+00
2.0513340e-01 0.0000000e+00
1.2319610e-01 0.0000000e+00
0.0000000e+00 3.1984660e-01
1.0000000e+00 7.0665250e-01
3.2645620e-01 0.0000000e+00
2.3501950e-01 1.0000000e+00
0.0000000e+00 1.6820980e-01
0.0000000e+00 7.5085700e-02
1.0000000e+00 4.1279540e-01
0.0000000e+00 2.0818800e-01
2.4884080e-01 0.0000000e+00
1.0000000e+00 9.6000070e-01
1.0000000e+00 3.2324600e-01
7.5284590e-01 1.0000000e+00
6.8801520e-01 0.0000000e+00
1.0000000e+00 7.9838290e-01
1.0404260e-01 0.0000000e+00
0.0000000e+00 8.8332110e-01
1.0000000e+00 2.3193700e-01
0.0000000e+00 4.7984900e-02
1.0000000e+00 8.8430950e-01
0.0000000e+00 5.2063910e-01
7.5543900e-01 0.0000000e+00
0.0000000e+00 1.0000000e+00
1.0436730e-01 0.0000000e+00
4.1743610e-01 0.0000000e+00
5.8298320e-01 0.0000000e+00
1.0000000e+00 9.8596100e-02
4.4221100e-02 0.0000000e+00
0.0000000e+00 8.8551220e-01
1.0000000e+00 1.0000000e+00
8.7472840e-01 1.0000000e+00
1.0000000e+00 1.8062050e-01
