5.9026510e-01 0.0000000e+00
0.0000000e+00 6.2782340e-01
1.0000000e+00 3.8220520e-01
0.0000000e+00 5.9766830e-01
4.9647070e-01 0.0000000e+00
1.0000000e+00 5.3059930e-01
4.9450420e-01 0.0000000e+00
7.4469010e-01 1.0000000e+00
1.0000000e+00 1.3748480e-01
1.0000000e+00 3.2576820e-01
5.0986430e-01 0.0000000e+00
7.5680080e-01 1.0000000e+00
0.0000000e+00 9.8217850e-01
5.2554120e-01 0.0000000e+00
8.1691590e-01 0.0000000e+00
1.0000000e+00 7.2660060e-01
1.0000000e+00 7.8749560e-01
1.0000000e+00 5.4654210e-01
4.2922450e-01 1.0000000e+00
3.8445320e-01 0.0000000e+00
1.8212600e-02 0.0000000e+00
1.0000000e+00 1.6207870e-01
0.0000000e+00 0.0000000e+00
0.0000000e+00 5.8099340e-01
0.0000000e+00 2.4779200e-02
1.0000000e+00 6.8920190e-01
0.0000000e+00 5.2233290e-01
0.0000000e+00 2.9828410e-01
8.8200640e-01 1.0000000e+00
1.0000000e+00 6.4152720e-01
9.4626140e-01 1.0000000e+00
0.0000000e+00 5.4773000e-02
4.6268980e-01 0.0000000e+00
3.3006420e-01 1.0000000e+00
6.9784100e-01 0.0000000e+00
1.0000000e+00 3.3094730e-01
6.4103880e-01 1.0000000e+00
0.0000000e+00 5.3155310e-01
1.0000000e+00 5.6258580e-01
1.0000000e+00 7.3753820e-01
3.1653790e-01 0.0000000e+00
1.0000000e+00 1.4338640e-01
9.6502290e-01 0.0000000e+00
9.5357030e-01 0.0000000e+00
0.0000000e+00 6.8651750e-01
8.1567180e-01 1.0000000e+00
0.0000000e+00 9.8347850e-01
0.0000000e+00 5.4843020e-01
7.8787120e-01 1.0000000e+00
8.0127820e-01 1.0000000e+00
1.2678350e-01 0.0000000e+00
5.9420650e-01 1.0000000e+00
5.0738680e-01 1.0000000e+00
1.0000000e+00 2.0683380e-01
7.8042280e-01 0.0000000e+00
0.0000000e+00 7.5159000e-01
6.4868070e-01 0.0000000e+00
0.0000000e+00 8.4286930e-01
9.9524700e-01 1.0000000e+00
1.0000000e+00 3.4526450e-01
1.0000000e+00 0.0000000e+00
2.4461570e-01 0.0000000e+00
1.0000000e+00 3.0377720e-01
1.0000000e+00 3.8871530e-01
0.0000000e+00 2.4563290e-01
0.0000000e+00 5.7588880e-01
0.0000000e+00 3.6367410e-01
1.0000000e+00 8.4766190e-01
0.0000000e+00 3.9424140e-01
0.0000000e+00 6.2758890e-01
1.0000000e+00 3.2541200e-02
1.0000000e+00 3.3060200e-01
1.3329120e-01 1.0000000e+00
9.2276760e-01 1.0000000e+00
1.0000000e+00 2.9150830e-01
7.4145760e-01 1.0000000e+00
5.9190290e-01 0.0000000e+00
8.0868270e-01 0.0000000e+00
3.8050800e-01 1.0000000e+00
0.0000000e+00 5.3054680e-01
8.5909180e-01 0.0000000e+00
3.6757240e-01 0.0000000e+00
1.0000000e+00 9.5518100e-01
1.1972170e-01 0.0000000e+00
0.0000000e+00 1.8229900e-01
0.0000000e+00 9.7425140e-01
0.0000000e+00 3.4126630e-01
8.0665440e-01 0.0000000e+00
1.4149170e-01 1.0000000e+00
1.0000000e+00 2.8817820e-01
9.8068860e-01 1.0000000e+00
0.0000000e+00 6.5758000e-02
1.0000000e+00 1.0583600e-02
9.7935220e-01 0.0000000e+00
7.0896220e-01 0.0000000e+00
1.1014000e-03 0.0000000e+00
3.2179350e-01 0.0000000e+00
6.5716670e-01 0.0000000e+00
1.0000000e+00 4.6510090e-01
0.0000000e+00 1.3491930e-01
9.3999210e-01 0.0000000e+00
1.0000000e+00 7.8072830e-01
0.0000000e+00 3.6352800e-02
1.0000000e+00 2.0195470e-01
3.5202420e-01 1.0000000e+00
1.0000000e+00 3.6003100e-02
0.0000000e+00 3.9663400e-02
9.0822740e-01 1.0000000e+00
0.0000000e+00 5.2441120e-01
4.2417600e-01 0.0000000e+00
0.0000000e+00 1.0000000e+00
1.0000000e+00 3.7673450e-01
0.0000000e+00 4.2342900e-02
4.8315070e-01 0.0000000e+00
8.7543280e-01 1.0000000e+00
6.3617430e-01 0.0000000e+00
1.0000000e+00 6.7098070e-01
1.0000000e+00 2.2433580e-01
1.0000000e+00 3.1558140e-01
1.0000000e+00 4.8212950e-01
0.0000000e+00 1.0718920e-01
3.8042170e-01 0.0000000e+00
1.0000000e+00 1.0000000e+00
0.0000000e+00 5.0512600e-02
3.0582360e-01 0.0000000e+00
4.9859930e-01 0.0000000e+00
3.6407530e-01 0.0000000e+00
8.5036790e-01 1.0000000e+00
