0.0000000e+00 0.0000000e+00
1.0000000e+00 0.0000000e+00
0.0000000e+00 1.0000000e+00
1.0000000e+00 1.0000000e+00
9.9205970e-01 0.0000000e+00
0.0000000e+00 3.7063390e-01
8.6712860e-01 1.0000000e+00
1.0000000e+00 5.7946970e-01
4.6885910e-01 0.0000000e+00
0.0000000e+00 6.6254940e-01
1.0000000e+00 3.8938490e-01
0.0000000e+00 1.5505270e-01
6.6461610e-01 1.0000000e+00
2.2985400e-02 1.0000000e+00
3.8515650e-01 1.0000000e+00
0.0000000e+00 4.7268690e-01
0.0000000e+00 1.7669900e-01
0.0000000e+00 8.7286900e-01
2.0479130e-01 1.0000000e+00
1.0000000e+00 7.0160360e-01
0.0000000e+00 5.0201370e-01
3.5553320e-01 1.0000000e+00
1.0000000e+00 8.6535020e-01
0.0000000e+00 2.2482340e-01
4.0362650e-01 1.0000000e+00
1.0000000e+00 6.7007140e-01
1.0000000e+00 4.6711600e-02
8.7951740e-01 1.0000000e+00
1.0000000e+00 6.0176270e-01
1.0000000e+00 3.2963300e-02
4.6953400e-01 0.0000000e+00
8.5064230e-01 1.0000000e+00
1.0000000e+00 6.1459200e-01
1.0000000e+00 3.6050610e-01
0.0000000e+00 2.7877320e-01
6.9392030e-01 1.0000000e+00
1.0000000e+00 9.1666000e-03
1.0000000e+00 2.1967930e-01
1.0000000e+00 3.2988760e-01
1.0152640e-01 1.0000000e+00
1.1941730e-01 1.0000000e+00
4.0731810e-01 0.0000000e+00
1.0000000e+00 1.9785610e-01
8.2242400e-02 1.0000000e+00
4.7772850e-01 1.0000000e+00
7.4982460e-01 0.0000000e+00
5.4788290e-01 0.0000000e+00
4.8930800e-02 1.0000000e+00
1.0000000e+00 1.9043110e-01
0.0000000e+00 1.6092760e-01
9.5553390e-01 1.0000000e+00
1.9442970e-01 0.0000000e+00
0.0000000e+00 4.4030990e-01
0.0000000e+00 5.2683210e-01
6.8551210e-01 0.0000000e+00
1.0000000e+00 3.8006450e-01
1.0000000e+00 4.4149270e-01
2.1135530e-01 1.0000000e+00
1.4169740e-01 0.0000000e+00
7.9071570e-01 1.0000000e+00
4.0133790e-01 1.0000000e+00
4.2353630e-01 1.0000000e+00
0.0000000e+00 4.7658830e-01
1.4005430e-01 0.0000000e+00
1.0000000e+00 8.0625280e-01
1.0000000e+00 3.9691000e-02
7.6080350e-01 1.0000000e+00
2.5170800e-02 0.0000000e+00
1.0000000e+00 7.3144630e-01
7.3250340e-01 0.0000000e+00
1.0000000e+00 4.4535940e-01
0.0000000e+00 1.0236290e-01
1.0000000e+00 4.3435480e-01
0.0000000e+00 3.9938460e-01
4.6201760e-01 0.0000000e+00
0.0000000e+00 1.4775830e-01
6.3496780e-01 0.0000000e+00
0.0000000e+00 8.7318410e-01
0.0000000e+00 1.5107420e-01
5.9879100e-02 0.0000000e+00
8.2586440e-01 1.0000000e+00
0.0000000e+00 7.9598100e-02
1.0000000e+00 8.0395250e-01
1.0000000e+00 3.4115700e-02
1.0000000e+00 7.0043460e-01
9.6141730e-01 1.0000000e+00
5.7445290e-01 0.0000000e+00
6.2125400e-01 0.0000000e+00
2.1697010e-01 0.0000000e+00
1.0000000e+00 9.5614220e-01
5.1544060e-01 1.0000000e+00
9.1979840e-01 0.0000000e+00
0.0000000e+00 2.0793460e-01
1.0000000e+00 6.1130490e-01
9.5144950e-01 0.0000000e+00
6.1691050e-01 0.0000000e+00
7.5263340e-01 0.0000000e+00
7.4375710e-01 1.0000000e+00
9.6359920e-01 0.0000000e+00
0.0000000e+00 1.3209600e-01
0.0000000e+00 7.6314900e-01
0.0000000e+00 8.4149250e-01
0.0000000e+00 9.0235460e-01
1.0000000e+00 1.3523520e-01
7.6030690e-01 0.0000000e+00
2.4485650e-01 0.0000000e+00
3.0774180e-01 1.0000000e+00
6.9611840e-01 0.0000000e+00
1.0000000e+00 8.5950760e-01
1.0000000e+00 6.3879080e-01
0.0000000e+00 7.9788800e-01
4.1121440e-01 0.0000000e+00
1.0000000e+00 7.4254890e-01
1.0000000e+00 9.2568430e-01
0.0000000e+00 3.7923130e-01
6.9029970e-01 0.0000000e+00
2.0174630e-01 1.0000000e+00
0.0000000e+00 6.6973820e-01
7.7478580e-01 1.0000000e+00
1.0000000e+00 7.6465070e-01
9.2784030e-01 1.0000000e+00
6.7769510e-01 1.0000000e+00
9.6604240e-01 0.0000000e+00
0.0000000e+00 4.3913180e-01
1.0473060e-01 1.0000000e+00
0.0000000e+00 6.0257970e-01
1.0000000e+00 8.4857490e-01
0.0000000e+00 9.8571200e-01
