0.0000000e+00 0.0000000e+00
1.0000000e+00 0.0000000e+00
0.0000000e+00 1.0000000e+00
1.0000000e+00 1.0000000e+00
2.3450670e-01 0.0000000e+00
1.5380470e-01 1.0000000e+00
1.0000000e+00 5.0809640e-01
0.0000000e+00 2.3890480e-01
1.0000000e+00 7.0637790e-01
1.0000000e+00 4.9928740e-01
1.0629350e-01 1.0000000e+00
9.6361960e-01 1.0000000e+00
7.9514860e-01 0.0000000e+00
5.4501400e-01 0.0000000e+00
0.0000000e+00 8.2252400e-01
1.0000000e+00 3.9287520e-01
2.2057230e-01 0.0000000e+00
0.0000000e+00 6.3072560e-01
8.5026090e-01 1.0000000e+00
1.0000000e+00 5.7556720e-01
6.7747730e-01 1.0000000e+00
1.0000000e+00 9.6329500e-02
3.4682000e-01 1.0000000e+00
7.8224490e-01 1.0000000e+00
0.0000000e+00 9.8116100e-02
0.0000000e+00 7.9549110e-01
0.0000000e+00 9.8820530e-01
5.0718220e-01 1.0000000e+00
1.0422340e-01 0.0000000e+00
5.4913000e-03 0.0000000e+00
4.0280400e-01 0.0000000e+00
1.0000000e+00 3.9747640e-01
0.0000000e+00 9.1661960e-01
4.3759810e-01 0.0000000e+00
4.5851090e-01 0.0000000e+00
7.3646900e-01 0.0000000e+00
3.2560960e-01 0.0000000e+00
0.0000000e+00 1.3417660e-01
0.0000000e+00 5.1162140e-01
1.0000000e+00 8.0655990e-01
1.0000000e+00 3.9882080e-01
0.0000000e+00 2.5478950e-01
0.0000000e+00 9.8903320e-01
8.9673140e-01 1.0000000e+00
0.0000000e+00 9.0201530e-01
0.0000000e+00 1.8766580e-01
4.2455510e-01 0.0000000e+00
0.0000000e+00 4.3669740e-01
9.2378790e-01 1.0000000e+00
8.6762490e-01 0.0000000e+00
1.0000000e+00 4.7514980e-01
2.7732270e-01 0.0000000e+00
1.0000000e+00 8.7112830e-01
9.1205300e-01 0.0000000e+00
9.1333570e-01 1.0000000e+00
7.4340870e-01 0.0000000e+00
9.2619720e-01 1.0000000e+00
1.6524930e-01 0.0000000e+00
1.4205600e-01 0.0000000e+00
5.1266250e-01 0.0000000e+00
1.0000000e+00 9.9366700e-02
4.5532800e-02 0.0000000e+00
5.0008240e-01 0.0000000e+00
0.0000000e+00 2.4352420e-01
0.0000000e+00 9.0376490e-01
1.0000000e+00 2.1392530e-01
8.4632550e-01 0.0000000e+00
0.0000000e+00 8.4920200e-02
9.2207870e-01 0.0000000e+00
8.2585380e-01 0.0000000e+00
1.0000000e+00 8.1917730e-01
7.8518310e-01 0.0000000e+00
9.1671890e-01 1.0000000e+00
4.5414300e-01 0.0000000e+00
0.0000000e+00 5.5974000e-03
6.0918010e-01 1.0000000e+00
3.2508890e-01 0.0000000e+00
0.0000000e+00 1.5797890e-01
3.8236050e-01 1.0000000e+00
1.0000000e+00 3.8104250e-01
1.0000000e+00 5.8297500e-01
1.0000000e+00 9.0550740e-01
6.2818840e-01 0.0000000e+00
1.0000000e+00 3.2183210e-01
0.0000000e+00 8.5672860e-01
2.4210570e-01 0.0000000e+00
0.0000000e+00 2.3808030e-01
2.5411390e-01 1.0000000e+00
1.3051560e-01 0.0000000e+00
8.7750330e-01 0.0000000e+00
4.3445710e-01 1.0000000e+00
0.0000000e+00 7.6623660e-01
0.0000000e+00 4.7442270e-01
0.0000000e+00 3.7654710e-01
3.8530400e-02 0.0000000e+00
6.3016930e-01 0.0000000e+00
6.5391460e-01 0.0000000e+00
0.0000000e+00 7.9181260e-01
0.0000000e+00 5.4676800e-02
4.5682650e-01 0.0000000e+00
6.5804510e-01 0.0000000e+00
3.3859510e-01 1.0000000e+00
3.5585280e-01 0.0000000e+00
2.1943820e-01 1.0000000e+00
0.0000000e+00 7.6723610e-01
3.6045750e-01 1.0000000e+00
8.1807370e-01 1.0000000e+00
0.0000000e+00 1.4416880e-01
1.0000000e+00 7.2744090e-01
3.6564090e-01 1.0000000e+00
0.0000000e+00 9.5205040e-01
0.0000000e+00 5.4165420e-01
8.7810550e-01 0.0000000e+00
0.0000000e+00 3.4052400e-01
8.4864970e-01 0.0000000e+00
1.0000000e+00 6.8544840e-01
0.0000000e+00 3.4107010e-01
9.8376790e-01 1.0000000e+00
7.9020180e-01 1.0000000e+00
0.0000000e+00 5.5052000e-03
0.0000000e+00 3.5881430e-01
1.0000000e+00 5.2115140e-01
0.0000000e+00 4.1450490e-01
1.0000000e+00 4.7902130e-01
8.4989250e-01 1.0000000e+00
6.9128340e-01 1.0000000e+00
9.8190370e-01 1.0000000e+00
9.8138060e-01 0.0000000e+00
