0.0000000e+00 0.0000000e+00
1.0000000e+00 0.0000000e+00
0.0000000e+00 1.0000000e+00
1.0000000e+00 1.0000000e+00
7.8333830e-01 1.0000000e+00
4.4425620e-01 0.0000000e+00
3.9475330e-01 0.0000000e+00
1.8145150e-01 0.0000000e+00
1.0000000e+00 4.0431400e-01
2.0800560e-01 1.0000000e+00
8.1048700e-01 0.0000000e+00
0.0000000e+00 2.7855300e-02
7.3016910e-01 0.0000000e+00
0.0000000e+00 1.7361440e-01
1.0000000e+00 3.5456000e-03
0.0000000e+00 5.1397210e-01
7.0337550e-01 0.0000000e+00
8.2040680e-01 1.0000000e+00
1.0000000e+00 6.8195990e-01
1.0000000e+00 3.9835820e-01
4.2798060e-01 0.0000000e+00
1.0000000e+00 2.3791660e-01
0.0000000e+00 9.6368950e-01
0.0000000e+00 9.7662940e-01
0.0000000e+00 5.7450270e-01
1.0000000e+00 3.0823260e-01
7.3838420e-01 0.0000000e+00
0.0000000e+00 7.6742790e-01
0.0000000e+00 7.5338020e-01
2.6682900e-02 1.0000000e+00
2.6861700e-01 1.0000000e+00
4.6931800e-01 0.0000000e+00
5.6812340e-01 0.0000000e+00
6.3292370e-01 0.0000000e+00
0.0000000e+00 9.2879400e-02
7.1124900e-01 1.0000000e+00
1.0000000e+00 1.8383790e-01
8.4218190e-01 1.0000000e+00
0.0000000e+00 7.0604560e-01
6.8191310e-01 1.0000000e+00
1.0000000e+00 6.8322570e-01
6.8737580e-01 0.0000000e+00
1.0000000e+00 3.8975970e-01
0.0000000e+00 2.7977590e-01
2.1334630e-01 1.0000000e+00
1.1721840e-01 1.0000000e+00
8.1078720e-01 0.0000000e+00
1.0000000e+00 1.1176570e-01
8.0721440e-01 1.0000000e+00
8.2894950e-01 0.0000000e+00
1.2397660e-01 1.0000000e+00
6.5873800e-01 0.0000000e+00
1.0000000e+00 1.8603910e-01
0.0000000e+00 6.1235500e-02
9.7338630e-01 0.0000000e+00
1.0000000e+00 8.1595550e-01
5.1121500e-01 0.0000000e+00
0.0000000e+00 3.9377850e-01
1.0000000e+00 9.3381260e-01
6.2715660e-01 1.0000000e+00
1.0000000e+00 5.4281360e-01
0.0000000e+00 3.8208710e-01
4.9176640e-01 0.0000000e+00
0.0000000e+00 8.6712490e-01
7.2335080e-01 1.0000000e+00
6.6295950e-01 1.0000000e+00
0.0000000e+00 3.6966290e-01
1.0000000e+00 2.6999780e-01
1.0000000e+00 7.9808800e-01
6.8849300e-01 0.0000000e+00
1.0000000e+00 9.4667170e-01
0.0000000e+00 7.1160070e-01
5.2639350e-01 0.0000000e+00
5.0954250e-01 1.0000000e+00
0.0000000e+00 4.7172630e-01
0.0000000e+00 1.2282090e-01
2.7395550e-01 0.0000000e+00
0.0000000e+00 3.0487900e-01
1.0000000e+00 4.1508500e-02
0.0000000e+00 2.9887390e-01
7.8290040e-01 0.0000000e+00
1.0000000e+00 2.0013230e-01
1.0000000e+00 7.2260000e-04
0.0000000e+00 6.4963170e-01
0.0000000e+00 7.3626190e-01
0.0000000e+00 5.9474920e-01
4.0877750e-01 0.0000000e+00
5.8821210e-01 0.0000000e+00
8.7837200e-01 0.0000000e+00
3.4698700e-01 1.0000000e+00
0.0000000e+00 4.2974030e-01
0.0000000e+00 6.9766730e-01
0.0000000e+00 1.2659320e-01
1.4450420e-01 1.0000000e+00
4.1683790e-01 0.0000000e+00
7.5165760e-01 0.0000000e+00
1.0000000e+00 7.6691450e-01
4.2212320e-01 1.0000000e+00
0.0000000e+00 6.2641220e-01
0.0000000e+00 2.9799930e-01
3.6213960e-01 1.0000000e+00
4.1253700e-02 0.0000000e+00
1.8057590e-01 1.0000000e+00
1.0000000e+00 5.4681680e-01
1.0000000e+00 3.1473130e-01
5.6976980e-01 0.0000000e+00
1.0000000e+00 1.7837280e-01
1.0000000e+00 7.8644750e-01
1.0000000e+00 7.8725480e-01
1.0000000e+00 6.9799300e-02
0.0000000e+00 1.7679010e-01
5.0699220e-01 0.0000000e+00
0.0000000e+00 1.3497900e-01
1.0000000e+00 5.1661240e-01
0.0000000e+00 3.5376030e-01
7.3208890e-01 1.0000000e+00
4.0687980e-01 1.0000000e+00
0.0000000e+00 5.0118550e-01
1.0000000e+00 1.7970100e-02
1.0000000e+00 9.8541740e-01
7.4139200e-02 1.0000000e+00
6.9939320e-01 1.0000000e+00
5.6620590e-01 1.0000000e+00
6.3721400e-01 1.0000000e+00
0.0000000e+00 3.5070600e-01
1.0000000e+00 2.9139610e-01
6.8202800e-01 1.0000000e+00
2.0943170e-01 1.0000000e+00
