1.3747990e-01 1.0000000e+00
0.0000000e+00 6.2888460e-01
9.2586440e-01 0.0000000e+00
8.2531250e-01 1.0000000e+00
0.0000000e+00 1.6253650e-01
4.6369770e-01 0.0000000e+00
1.0000000e+00 7.1509450e-01
6.4848200e-01 1.0000000e+00
0.0000000e+00 5.3810020e-01
0.0000000e+00 8.1822660e-01
1.0000000e+00 1.6910900e-02
0.0000000e+00 3.3606580e-01
1.0000000e+00 3.7303270e-01
1.3525480e-01 1.0000000e+00
7.5720640e-01 0.0000000e+00
0.0000000e+00 1.0202330e-01
6.3520590e-01 1.0000000e+00
0.0000000e+00 5.4153980e-01
0.0000000e+00 4.0337870e-01
0.0000000e+00 0.0000000e+00
1.0000000e+00 2.5912700e-02
4.4980000e-04 1.0000000e+00
8.4357500e-02 1.0000000e+00
0.0000000e+00 9.4955240e-01
1.0000000e+00 3.0926320e-01
0.0000000e+00 7.2513670e-01
1.0000000e+00 1.5409200e-01
8.7770280e-01 1.0000000e+00
1.5655170e-01 1.0000000e+00
0.0000000e+00 4.7950350e-01
0.0000000e+00 2.3997130e-01
1.0000000e+00 3.6170100e-01
0.0000000e+00 4.6850140e-01
8.3003310e-01 1.0000000e+00
0.0000000e+00 2.3657810e-01
4.2445500e-02 0.0000000e+00
6.8323470e-01 1.0000000e+00
1.0588500e-02 0.0000000e+00
1.8562180e-01 0.0000000e+00
3.3205850e-01 1.0000000e+00
0.0000000e+00 9.9095400e-02
1.0000000e+00 1.4655570e-01
1.0000000e+00 2.9845650e-01
5.6283230e-01 1.0000000e+00
1.0000000e+00 1.0725430e-01
1.0000000e+00 9.9720650e-01
0.0000000e+00 7.9524780e-01
0.0000000e+00 8.8622490e-01
1.0000000e+00 1.8902020e-01
1.9270060e-01 0.0000000e+00
1.1657460e-01 0.0000000e+00
9.6734340e-01 0.0000000e+00
0.0000000e+00 4.5600190e-01
6.1253590e-01 0.0000000e+00
3.7912130e-01 1.0000000e+00
1.0000000e+00 4.8613110e-01
0.0000000e+00 4.6738250e-01
1.2698400e-01 1.0000000e+00
6.9754660e-01 0.0000000e+00
0.0000000e+00 5.8332670e-01
8.1764340e-01 1.0000000e+00
0.0000000e+00 1.1080120e-01
1.2735170e-01 0.0000000e+00
1.0000000e+00 0.0000000e+00
8.6744560e-01 0.0000000e+00
0.0000000e+00 3.8763370e-01
0.0000000e+00 4.5503710e-01
1.0000000e+00 6.0655750e-01
1.0000000e+00 7.2512330e-01
0.0000000e+00 8.9902510e-01
1.0000000e+00 6.1607800e-02
0.0000000e+00 6.2041160e-01
3.3676150e-01 0.0000000e+00
2.9752350e-01 0.0000000e+00
1.8521640e-01 1.0000000e+00
0.0000000e+00 1.9915000e-03
7.0716020e-01 0.0000000e+00
0.0000000e+00 3.8291170e-01
2.8078130e-01 1.0000000e+00
0.0000000e+00 6.1895210e-01
1.0000000e+00 6.6658790e-01
0.0000000e+00 8.3639390e-01
1.0000000e+00 8.7352140e-01
0.0000000e+00 7.6435380e-01
8.1588660e-01 0.0000000e+00
1.0000000e+00 3.1067600e-01
0.0000000e+00 5.4374680e-01
5.0376390e-01 1.0000000e+00
1.0000000e+00 8.2210270e-01
1.8846860e-01 1.0000000e+00
0.0000000e+00 1.1930180e-01
0.0000000e+00 2.9017130e-01
0.0000000e+00 4.2580510e-01
7.3848800e-02 0.0000000e+00
8.5507460e-01 0.0000000e+00
0.0000000e+00 4.9025100e-01
0.0000000e+00 1.1938390e-01
0.0000000e+00 6.8461970e-01
3.2966240e-01 0.0000000e+00
2.6189930e-01 0.0000000e+00
1.3504980e-01 1.0000000e+00
1.0000000e+00 8.5943850e-01
1.0000000e+00 3.5702320e-01
8.6929620e-01 1.0000000e+00
1.0000000e+00 9.9706800e-01
0.0000000e+00 1.0000000e+00
0.0000000e+00 1.7662600e-02
1.0000000e+00 3.8869530e-01
0.0000000e+00 9.5540280e-01
1.0000000e+00 7.3187460e-01
8.3704650e-01 1.0000000e+00
0.0000000e+00 5.6565030e-01
3.9575500e-01 1.0000000e+00
1.0000000e+00 8.8588460e-01
0.0000000e+00 4.6699260e-01
2.6894980e-01 0.0000000e+00
4.3222310e-01 1.0000000e+00
5.3776960e-01 0.0000000e+00
9.0786970e-01 0.0000000e+00
0.0000000e+00 3.8176430e-01
3.3776090e-01 1.0000000e+00
9.0710800e-02 0.0000000e+00
1.0000000e+00 1.0000000e+00
0.0000000e+00 5.6362570e-01
5.4977000e-02 1.0000000e+00
2.1131820e-01 1.0000000e+00
1.0000000e+00 6.2753350e-01
6.8300180e-01 1.0000000e+00
