5.7511030e-01 0.0000000e+00
4.9180920e-01 0.0000000e+00
1.0000000e+00 8.4711550e-01
1.0000000e+00 2.5989150e-01
1.3322910e-01 1.0000000e+00
0.0000000e+00 3.8459600e-01
7.1838110e-01 0.0000000e+00
6.8910450e-01 1.0000000e+00
1.0000000e+00 4.1130120e-01
8.5053360e-01 0.0000000e+00
0.0000000e+00 7.4116960e-01
1.0000000e+00 1.2614950e-01
1.0000000e+00 9.9866950e-01
8.4667250e-01 0.0000000e+00
1.7833270e-01 0.0000000e+00
1.0000000e+00 9.7128000e-03
8.5966990e-01 0.0000000e+00
3.2420840e-01 1.0000000e+00
7.2339840e-01 0.0000000e+00
1.0000000e+00 7.6753500e-01
1.7632490e-01 0.0000000e+00
0.0000000e+00 8.1371930e-01
0.0000000e+00 6.1275600e-01
8.4808160e-01 1.0000000e+00
1.0000000e+00 6.5741500e-02
7.2471680e-01 1.0000000e+00
4.7923250e-01 1.0000000e+00
0.0000000e+00 0.0000000e+00
2.7491100e-02 1.0000000e+00
0.0000000e+00 3.3181340e-01
1.0000000e+00 8.3307710e-01
0.0000000e+00 6.3413130e-01
8.3733740e-01 1.0000000e+00
0.0000000e+00 3.6045360e-01
1.0000000e+00 9.6953480e-01
1.0000000e+00 4.8091560e-01
1.0000000e+00 8.8209480e-01
1.0000000e+00 6.8681890e-01
1.0000000e+00 2.8992670e-01
1.7247860e-01 1.0000000e+00
2.8730550e-01 1.0000000e+00
7.3915210e-01 0.0000000e+00
0.0000000e+00 3.6991810e-01
0.0000000e+00 4.6806570e-01
0.0000000e+00 6.1096050e-01
0.0000000e+00 8.8086050e-01
1.0000000e+00 5.8166440e-01
1.9968590e-01 0.0000000e+00
2.2941400e-01 1.0000000e+00
1.0000000e+00 6.4204180e-01
0.0000000e+00 8.8855130e-01
1.0000000e+00 5.0078900e-02
5.3618130e-01 0.0000000e+00
8.6787390e-01 0.0000000e+00
5.7840600e-01 0.0000000e+00
0.0000000e+00 2.7161500e-02
6.3972670e-01 0.0000000e+00
1.0410370e-01 1.0000000e+00
9.6474240e-01 0.0000000e+00
0.0000000e+00 2.3277040e-01
1.5808740e-01 0.0000000e+00
0.0000000e+00 3.7252560e-01
8.2778520e-01 0.0000000e+00
5.8259370e-01 0.0000000e+00
5.5929500e-02 0.0000000e+00
1.0000000e+00 7.1706990e-01
4.4514550e-01 1.0000000e+00
4.3640130e-01 1.0000000e+00
1.0000000e+00 0.0000000e+00
1.0000000e+00 3.2327000e-01
6.4831800e-01 0.0000000e+00
0.0000000e+00 3.5643890e-01
2.1439430e-01 0.0000000e+00
8.0458800e-01 0.0000000e+00
8.7489880e-01 0.0000000e+00
2.6279000e-01 1.0000000e+00
1.8038710e-01 1.0000000e+00
8.9441070e-01 0.0000000e+00
0.0000000e+00 2.9035660e-01
3.1506390e-01 1.0000000e+00
1.0000000e+00 1.6554010e-01
1.0000000e+00 2.7182120e-01
0.0000000e+00 9.5119600e-02
7.2079800e-01 1.0000000e+00
5.2966340e-01 1.0000000e+00
1.0000000e+00 4.0344560e-01
9.0760430e-01 1.0000000e+00
2.7306030e-01 0.0000000e+00
6.3683350e-01 1.0000000e+00
0.0000000e+00 2.7470420e-01
3.8081400e-01 0.0000000e+00
1.0000000e+00 7.2581710e-01
0.0000000e+00 1.3381630e-01
2.0115710e-01 1.0000000e+00
9.6164830e-01 1.0000000e+00
8.0524800e-01 1.0000000e+00
6.3797700e-02 1.0000000e+00
9.4015880e-01 1.0000000e+00
3.7887290e-01 0.0000000e+00
8.9154010e-01 0.0000000e+00
0.0000000e+00 2.8170070e-01
6.0347040e-01 0.0000000e+00
4.8893110e-01 0.0000000e+00
1.0000000e+00 5.9850270e-01
0.0000000e+00 4.8118300e-01
7.3969040e-01 0.0000000e+00
0.0000000e+00 9.1637540e-01
5.1266860e-01 0.0000000e+00
7.9181000e-03 0.0000000e+00
5.8764260e-01 1.0000000e+00
6.4564300e-02 0.0000000e+00
1.0000000e+00 2.2027800e-01
0.0000000e+00 1.0000000e+00
8.1182230e-01 1.0000000e+00
6.0907270e-01 1.0000000e+00
0.0000000e+00 2.4858240e-01
3.4670600e-02 1.0000000e+00
7.8512230e-01 1.0000000e+00
0.0000000e+00 9.9228960e-01
2.4691350e-01 0.0000000e+00
0.0000000e+00 2.3673740e-01
1.0000000e+00 1.0000000e+00
0.0000000e+00 7.9998980e-01
5.6857200e-02 0.0000000e+00
2.0948890e-01 0.0000000e+00
5.6156640e-01 0.0000000e+00
0.0000000e+00 5.0386060e-01
3.9761280e-01 0.0000000e+00
