0.0000000e+00 0.0000000e+00
1.0000000e+00 0.0000000e+00
0.0000000e+00 1.0000000e+00
1.0000000e+00 1.0000000e+00
3.7885250e-01 1.0000000e+00
0.0000000e+00 6.4961920e-01
1.0000000e+00 9.5460080e-01
1.0000000e+00 5.7809940e-01
0.0000000e+00 7.7493160e-01
8.6233500e-02 0.0000000e+00
1.0000000e+00 4.5486110e-01
1.0000000e+00 5.0595140e-01
9.4176590e-01 0.0000000e+00
0.0000000e+00 6.4921420e-01
4.1126690e-01 1.0000000e+00
9.4313710e-01 1.0000000e+00
1.0000000e+00 9.3794110e-01
1.0000000e+00 3.3534510e-01
5.2310210e-01 1.0000000e+00
0.0000000e+00 4.9913010e-01
0.0000000e+00 2.2401360e-01
0.0000000e+00 7.4541450e-01
1.0000000e+00 2.9247040e-01
4.4584750e-01 0.0000000e+00
0.0000000e+00 4.2075000e-02
0.0000000e+00 9.6080670e-01
7.5118420e-01 0.0000000e+00
1.0000000e+00 8.0061300e-02
6.6018120e-01 0.0000000e+00
1.0000000e+00 3.1214500e-02
0.0000000e+00 1.0489690e-01
0.0000000e+00 2.4507820e-01
2.8376290e-01 0.0000000e+00
3.6338790e-01 0.0000000e+00
1.0000000e+00 2.9936950e-01
0.0000000e+00 8.1728340e-01
8.9439540e-01 1.0000000e+00
1.0000000e+00 2.6589590e-01
5.9502080e-01 1.0000000e+00
0.0000000e+00 5.4518500e-01
0.0000000e+00 1.4485760e-01
0.0000000e+00 7.4185400e-01
3.9479530e-01 0.0000000e+00
0.0000000e+00 2.5413330e-01
0.0000000e+00 9.1031200e-02
1.0000000e+00 2.7882800e-01
6.0186300e-01 1.0000000e+00
9.7218500e-01 0.0000000e+00
7.4605240e-01 0.0000000e+00
0.0000000e+00 4.4388130e-01
1.0000000e+00 2.2819760e-01
1.0000000e+00 5.0798500e-02
1.0000000e+00 9.7598550e-01
1.0000000e+00 5.4752920e-01
5.4778330e-01 1.0000000e+00
1.0000000e+00 7.5011060e-01
0.0000000e+00 2.8525900e-02
0.0000000e+00 8.7822740e-01
0.0000000e+00 7.7745230e-01
0.0000000e+00 7.6151120e-01
1.0000000e+00 3.3227130e-01
9.5218000e-02 1.0000000e+00
0.0000000e+00 5.2261350e-01
6.1268340e-01 0.0000000e+00
3.1434040e-01 0.0000000e+00
0.0000000e+00 2.5428290e-01
2.1477600e-02 0.0000000e+00
1.0000000e+00 5.3542460e-01
1.7764430e-01 1.0000000e+00
1.4330580e-01 1.0000000e+00
5.1407600e-01 1.0000000e+00
2.4134180e-01 1.0000000e+00
0.0000000e+00 8.4070600e-01
0.0000000e+00 7.2037170e-01
6.2229750e-01 0.0000000e+00
1.0000000e+00 4.3457850e-01
1.0000000e+00 8.9413430e-01
9.1618400e-02 0.0000000e+00
1.1841700e-02 1.0000000e+00
4.6965400e-01 0.0000000e+00
3.7825310e-01 0.0000000e+00
5.2700880e-01 0.0000000e+00
6.9201020e-01 1.0000000e+00
1.0000000e+00 8.3801350e-01
0.0000000e+00 8.5170730e-01
3.2017790e-01 1.0000000e+00
0.0000000e+00 8.5287390e-01
6.3254260e-01 0.0000000e+00
2.5918690e-01 1.0000000e+00
1.0000000e+00 4.6723950e-01
5.8383820e-01 0.0000000e+00
7.5556420e-01 1.0000000e+00
1.0000000e+00 7.0143150e-01
0.0000000e+00 1.5098210e-01
9.2028370e-01 0.0000000e+00
0.0000000e+00 1.2090070e-01
0.0000000e+00 2.8564240e-01
1.8098210e-01 0.0000000e+00
4.9457830e-01 1.0000000e+00
8.6576510e-01 1.0000000e+00
1.0000000e+00 3.7422920e-01
3.1864150e-01 0.0000000e+00
0.0000000e+00 3.4936650e-01
3.8461490e-01 0.0000000e+00
1.0000000e+00 6.9107730e-01
4.3413060e-01 0.0000000e+00
1.0000000e+00 7.7122680e-01
1.7708240e-01 0.0000000e+00
3.9917970e-01 0.0000000e+00
2.2767830e-01 0.0000000e+00
1.0000000e+00 7.6187890e-01
1.2983630e-01 0.0000000e+00
4.4645050e-01 1.0000000e+00
1.0000000e+00 3.7337340e-01
0.0000000e+00 3.1129800e-02
8.0399380e-01 0.0000000e+00
7.6093750e-01 0.0000000e+00
1.0000000e+00 6.6978320e-01
1.0000000e+00 9.4666130e-01
0.0000000e+00 2.5500420e-01
0.0000000e+00 9.8901760e-01
0.0000000e+00 2.0205020e-01
0.0000000e+00 1.1183190e-01
4.4108230e-01 1.0000000e+00
1.0000000e+00 3.8794750e-01
0.0000000e+00 9.3061430e-01
0.0000000e+00 3.0534130e-01
1.0000000e+00 1.8192770e-01
