0.0000000e+00 0.0000000e+00
1.0000000e+00 0.0000000e+00
0.0000000e+00 1.0000000e+00
1.0000000e+00 1.0000000e+00
1.0000000e+00 3.9471580e-01
1.0000000e+00 2.2726530e-01
1.0000000e+00 1.0585430e-01
0.0000000e+00 3.4688100e-02
7.7169160e-01 0.0000000e+00
1.0000000e+00 1.7546730e-01
9.4795050e-01 0.0000000e+00
6.9007540e-01 1.0000000e+00
1.0000000e+00 6.8378270e-01
7.1237190e-01 1.0000000e+00
6.9070350e-01 1.0000000e+00
8.1050780e-01 1.0000000e+00
3.0047100e-01 1.0000000e+00
0.0000000e+00 2.2855060e-01
1.0000000e+00 3.6131180e-01
1.0000000e+00 7.3071590e-01
1.4166800e-02 1.0000000e+00
1.0000000e+00 6.6660170e-01
6.5290220e-01 1.0000000e+00
3.3752660e-01 0.0000000e+00
1.0000000e+00 6.0164340e-01
1.1670170e-01 0.0000000e+00
0.0000000e+00 1.5624650e-01
0.0000000e+00 8.3216310e-01
0.0000000e+00 7.4578270e-01
1.0000000e+00 3.7163060e-01
1.2145300e-02 0.0000000e+00
0.0000000e+00 8.6362120e-01
1.0000000e+00 5.4637480e-01
7.7932500e-01 1.0000000e+00
2.9538690e-01 0.0000000e+00
0.0000000e+00 7.0765350e-01
1.0000000e+00 2.5197430e-01
9.5610010e-01 0.0000000e+00
1.9014110e-01 0.0000000e+00
8.3708970e-01 0.0000000e+00
0.0000000e+00 6.3953600e-02
4.9977170e-01 1.0000000e+00
0.0000000e+00 3.1863550e-01
9.4594070e-01 0.0000000e+00
1.0000000e+00 2.1674870e-01
8.5566250e-01 0.0000000e+00
1.0000000e+00 6.7007580e-01
3.6946080e-01 0.0000000e+00
1.0000000e+00 1.0960500e-01
3.5960080e-01 0.0000000e+00
0.0000000e+00 5.5888890e-01
1.0000000e+00 5.3219760e-01
0.0000000e+00 3.0329160e-01
9.0028620e-01 1.0000000e+00
1.0000000e+00 6.3164100e-02
0.0000000e+00 9.8336740e-01
1.0000000e+00 3.5944450e-01
8.8010450e-01 0.0000000e+00
1.0000000e+00 5.4199910e-01
6.5775730e-01 1.0000000e+00
5.8540330e-01 1.0000000e+00
5.7163010e-01 1.0000000e+00
0.0000000e+00 1.3642100e-01
2.8309170e-01 1.0000000e+00
6.1207320e-01 1.0000000e+00
0.0000000e+00 3.4779000e-02
4.4921150e-01 1.0000000e+00
8.5140060e-01 1.0000000e+00
3.8882910e-01 1.0000000e+00
9.0566890e-01 1.0000000e+00
0.0000000e+00 1.6521040e-01
1.0000000e+00 9.2082500e-02
1.0000000e+00 5.7499010e-01
1.0000000e+00 4.3231740e-01
0.0000000e+00 3.8676560e-01
5.7377070e-01 0.0000000e+00
7.8651680e-01 0.0000000e+00
0.0000000e+00 9.4870170e-01
0.0000000e+00 7.3285040e-01
1.0000000e+00 8.5301190e-01
5.2445470e-01 0.0000000e+00
8.6357540e-01 1.0000000e+00
0.0000000e+00 4.2359230e-01
2.2322330e-01 1.0000000e+00
9.6146570e-01 1.0000000e+00
0.0000000e+00 4.4144500e-01
1.0000000e+00 8.4228860e-01
1.0000000e+00 2.4381670e-01
1.7333550e-01 0.0000000e+00
1.0000000e+00 8.7250290e-01
1.0527890e-01 1.0000000e+00
0.0000000e+00 4.9966340e-01
7.6319390e-01 0.0000000e+00
1.0000000e+00 6.9541390e-01
3.6142720e-01 1.0000000e+00
0.0000000e+00 3.6368050e-01
0.0000000e+00 8.9305500e-01
6.2454650e-01 0.0000000e+00
9.3517250e-01 0.0000000e+00
3.0562670e-01 1.0000000e+00
0.0000000e+00 4.8788750e-01
1.0000000e+00 6.1149160e-01
1.0000000e+00 9.3141430e-01
1.0000000e+00 9.4782850e-01
1.0000000e+00 4.6221000e-03
9.7277880e-01 0.0000000e+00
1.0000000e+00 3.7551820e-01
1.0000000e+00 8.0753630e-01
3.6307620e-01 1.0000000e+00
5.4130680e-01 1.0000000e+00
2.0342980e-01 1.0000000e+00
9.4371020e-01 0.0000000e+00
0.0000000e+00 9.5047300e-02
4.7734110e-01 0.0000000e+00
1.0000000e+00 6.1835340e-01
8.5669970e-01 0.0000000e+00
6.6533940e-01 0.0000000e+00
1.0000000e+00 7.3716470e-01
0.0000000e+00 6.6912000e-02
7.9808000e-03 0.0000000e+00
1.0000000e+00 3.0899630e-01
1.0000000e+00 2.9053220e-01
1.0000000e+00 3.6859250e-01
0.0000000e+00 8.8117240e-01
7.9708940e-01 1.0000000e+00
0.0000000e+00 5.3752470e-01
0.0000000e+00 2.3865290e-01
5.9534630e-01 0.0000000e+00
