0.0000000e+00 0.0000000e+00
1.0000000e+00 0.0000000e+00
0.0000000e+00 1.0000000e+00
1.0000000e+00 1.0000000e+00
3.4076450e-01 1.0000000e+00
1.0000000e+00 2.1900580e-01
3.4630900e-01 0.0000000e+00
0.0000000e+00 3.4803640e-01
0.0000000e+00 7.0243400e-01
9.4189960e-01 0.0000000e+00
5.7591230e-01 0.0000000e+00
4.3648020e-01 1.0000000e+00
3.3505320e-01 1.0000000e+00
2.5143570e-01 1.0000000e+00
3.6978170e-01 1.0000000e+00
1.0000000e+00 6.4966210e-01
4.8709420e-01 1.0000000e+00
0.0000000e+00 2.7262480e-01
7.0664450e-01 1.0000000e+00
5.4809640e-01 0.0000000e+00
9.7768090e-01 0.0000000e+00
1.0000000e+00 1.2876090e-01
2.7553280e-01 0.0000000e+00
0.0000000e+00 6.6244340e-01
8.9402620e-01 0.0000000e+00
5.6724780e-01 1.0000000e+00
1.0000000e+00 7.0126130e-01
0.0000000e+00 4.5027360e-01
1.0000000e+00 1.9028430e-01
0.0000000e+00 9.3388800e-02
1.0000000e+00 3.1776660e-01
1.2709950e-01 0.0000000e+00
1.9204420e-01 1.0000000e+00
0.0000000e+00 7.1047700e-02
6.5321980e-01 0.0000000e+00
5.7043060e-01 0.0000000e+00
5.5809440e-01 1.0000000e+00
1.0000000e+00 5.8260450e-01
1.0000000e+00 6.1855100e-01
9.4948210e-01 1.0000000e+00
0.0000000e+00 2.8018500e-01
0.0000000e+00 9.7038640e-01
1.0000000e+00 1.3285930e-01
9.0971800e-02 1.0000000e+00
0.0000000e+00 3.6568200e-01
7.2275450e-01 0.0000000e+00
3.9802390e-01 0.0000000e+00
0.0000000e+00 6.7821570e-01
4.0226900e-02 0.0000000e+00
4.5805060e-01 0.0000000e+00
1.0000000e+00 9.8168780e-01
1.0000000e+00 7.4656470e-01
2.2820180e-01 0.0000000e+00
0.0000000e+00 2.9638650e-01
0.0000000e+00 6.2789090e-01
1.0000000e+00 1.0414100e-02
4.1316700e-02 0.0000000e+00
0.0000000e+00 4.5596200e-01
0.0000000e+00 7.9514360e-01
2.2062340e-01 1.0000000e+00
6.5153730e-01 1.0000000e+00
0.0000000e+00 2.2270020e-01
7.1890240e-01 0.0000000e+00
1.0000000e+00 9.4251450e-01
5.5554040e-01 0.0000000e+00
1.0000000e+00 4.2748190e-01
0.0000000e+00 1.7127430e-01
6.7420580e-01 0.0000000e+00
1.0000000e+00 7.0687920e-01
4.6372560e-01 0.0000000e+00
1.6490420e-01 0.0000000e+00
1.0000000e+00 6.7518540e-01
1.0000000e+00 6.7021330e-01
1.0000000e+00 3.5067000e-01
7.4279860e-01 0.0000000e+00
1.0000000e+00 3.2375720e-01
5.5173730e-01 0.0000000e+00
1.0000000e+00 4.5578400e-02
5.9022400e-01 1.0000000e+00
3.8968500e-01 1.0000000e+00
1.0000000e+00 7.1413030e-01
1.0000000e+00 3.5527570e-01
3.7045380e-01 1.0000000e+00
1.0000000e+00 4.4244290e-01
9.9109460e-01 0.0000000e+00
1.0000000e+00 9.1773940e-01
0.0000000e+00 4.0462650e-01
0.0000000e+00 9.1839830e-01
6.4406860e-01 1.0000000e+00
0.0000000e+00 1.1390380e-01
0.0000000e+00 6.3094000e-03
1.0000000e+00 5.0061890e-01
6.9462640e-01 1.0000000e+00
1.0000000e+00 5.3451040e-01
1.4060900e-01 1.0000000e+00
1.6925690e-01 0.0000000e+00
6.4267020e-01 0.0000000e+00
6.1177550e-01 1.0000000e+00
1.0000000e+00 7.4835830e-01
1.0000000e+00 2.4467840e-01
0.0000000e+00 2.6626300e-02
0.0000000e+00 7.5935810e-01
3.7594250e-01 1.0000000e+00
3.6461530e-01 0.0000000e+00
1.0000000e+00 9.5524400e-02
1.0000000e+00 6.4055750e-01
8.8931290e-01 0.0000000e+00
2.4351410e-01 0.0000000e+00
5.8588640e-01 1.0000000e+00
7.3269770e-01 0.0000000e+00
1.0000000e+00 3.4117430e-01
4.9935500e-02 0.0000000e+00
0.0000000e+00 6.5011690e-01
1.0000000e+00 8.6878150e-01
8.6908030e-01 1.0000000e+00
0.0000000e+00 8.1697060e-01
1.0000000e+00 9.5512630e-01
1.0000000e+00 4.8090680e-01
4.3814570e-01 0.0000000e+00
0.0000000e+00 7.6999990e-01
0.0000000e+00 3.5889960e-01
2.7320490e-01 0.0000000e+00
0.0000000e+00 6.2547000e-01
1.0000000e+00 5.5638250e-01
1.0911370e-01 1.0000000e+00
8.2440530e-01 0.0000000e+00
1.0000000e+00 2.8087670e-01
1.0000000e+00 1.9943590e-01
