6.0962100e-02 0.0000000e+00
0.0000000e+00 9.7502180e-01
1.6770520e-01 1.0000000e+00
4.4560300e-02 1.0000000e+00
8.4925990e-01 1.0000000e+00
2.2689800e-02 0.0000000e+00
8.3774570e-01 1.0000000e+00
0.0000000e+00 4.5024510e-01
5.7209110e-01 1.0000000e+00
2.9362320e-01 0.0000000e+00
1.0000000e+00 4.2194300e-01
1.0000000e+00 3.1562410e-01
6.9622500e-02 1.0000000e+00
2.1225860e-01 1.0000000e+00
3.8103700e-01 1.0000000e+00
5.4790450e-01 0.0000000e+00
9.4340720e-01 0.0000000e+00
8.2715070e-01 1.0000000e+00
0.0000000e+00 5.5815380e-01
2.9375010e-01 1.0000000e+00
0.0000000e+00 4.2527930e-01
9.6010790e-01 1.0000000e+00
3.6957890e-01 0.0000000e+00
5.6558710e-01 1.0000000e+00
1.6756730e-01 0.0000000e+00
7.5306400e-02 0.0000000e+00
0.0000000e+00 9.1055080e-01
7.0636260e-01 1.0000000e+00
5.7742240e-01 1.0000000e+00
1.0000000e+00 7.5100900e-01
1.0000000e+00 3.4177300e-01
8.3389300e-01 0.0000000e+00
1.0000000e+00 7.9463780e-01
0.0000000e+00 0.0000000e+00
0.0000000e+00 6.4367800e-01
9.8296830e-01 0.0000000e+00
1.0000000e+00 5.6871960e-01
1.0000000e+00 7.1583690e-01
8.7314510e-01 0.0000000e+00
1.0000000e+00 3.5836750e-01
8.7342610e-01 0.0000000e+00
6.3981790e-01 1.0000000e+00
0.0000000e+00 2.6878000e-02
6.2568860e-01 1.0000000e+00
0.0000000e+00 9.6166660e-01
0.0000000e+00 2.9766200e-01
1.0000000e+00 1.6206350e-01
0.0000000e+00 2.1388640e-01
2.3210360e-01 0.0000000e+00
1.5738110e-01 0.0000000e+00
0.0000000e+00 5.3275450e-01
4.3242260e-01 0.0000000e+00
5.8217100e-01 0.0000000e+00
1.0000000e+00 4.8848780e-01
0.0000000e+00 4.3922550e-01
2.3445900e-01 0.0000000e+00
1.0000000e+00 4.0373250e-01
1.0000000e+00 5.6496960e-01
6.8698720e-01 0.0000000e+00
5.9459120e-01 1.0000000e+00
0.0000000e+00 3.6147490e-01
7.0403050e-01 0.0000000e+00
3.7590230e-01 1.0000000e+00
0.0000000e+00 5.0647300e-02
6.5961910e-01 0.0000000e+00
9.9509550e-01 0.0000000e+00
1.0000000e+00 0.0000000e+00
1.5493500e-01 1.0000000e+00
7.5363480e-01 0.0000000e+00
1.5718570e-01 0.0000000e+00
1.0000000e+00 9.4515190e-01
3.5302430e-01 1.0000000e+00
3.9889030e-01 1.0000000e+00
1.0130810e-01 1.0000000e+00
7.9670070e-01 0.0000000e+00
0.0000000e+00 4.9132670e-01
5.6306710e-01 0.0000000e+00
0.0000000e+00 3.1321160e-01
1.0000000e+00 6.1813260e-01
0.0000000e+00 6.1914800e-01
4.6002290e-01 1.0000000e+00
0.0000000e+00 1.6950780e-01
9.3167300e-01 0.0000000e+00
4.4821280e-01 1.0000000e+00
1.0000000e+00 2.8134270e-01
7.8006310e-01 0.0000000e+00
1.0000000e+00 4.8510290e-01
1.0000000e+00 7.9413550e-01
7.4690080e-01 0.0000000e+00
0.0000000e+00 7.2268850e-01
5.4549890e-01 1.0000000e+00
1.9637150e-01 0.0000000e+00
1.0000000e+00 4.0778140e-01
0.0000000e+00 1.8250260e-01
3.2461200e-01 0.0000000e+00
1.0000000e+00 1.3649340e-01
0.0000000e+00 4.8596270e-01
7.9344210e-01 1.0000000e+00
1.5008200e-02 0.0000000e+00
1.0000000e+00 3.5072160e-01
7.5125680e-01 1.0000000e+00
7.5203630e-01 0.0000000e+00
2.9543140e-01 0.0000000e+00
9.4312010e-01 1.0000000e+00
1.0000000e+00 9.2971890e-01
0.0000000e+00 4.2097840e-01
0.0000000e+00 8.6130360e-01
0.0000000e+00 5.4214160e-01
6.9122730e-01 1.0000000e+00
1.0000000e+00 6.6299470e-01
2.8896940e-01 1.0000000e+00
6.3156320e-01 0.0000000e+00
3.6504050e-01 1.0000000e+00
0.0000000e+00 3.8814740e-01
0.0000000e+00 1.0000000e+00
3.8123930e-01 0.0000000e+00
4.1623110e-01 1.0000000e+00
9.9976070e-01 0.0000000e+00
6.9896200e-02 0.0000000e+00
1.9058260e-01 0.0000000e+00
0.0000000e+00 3.5974830e-01
3.8730790e-01 0.0000000e+00
1.7895610e-01 0.0000000e+00
1.0000000e+00 1.0000000e+00
3.3036310e-01 1.0000000e+00
1.0000000e+00 2.5777710e-01
2.8460790e-01 1.0000000e+00
4.0294890e-01 1.0000000e+00
