3.9292230e-01 1.0000000e+00
0.0000000e+00 6.4177080e-01
0.0000000e+00 9.3808480e-01
1.2253500e-01 0.0000000e+00
4.0283150e-01 1.0000000e+00
1.5727150e-01 1.0000000e+00
0.0000000e+00 5.4728020e-01
3.9044690e-01 0.0000000e+00
7.9351850e-01 1.0000000e+00
3.7196200e-01 0.0000000e+00
0.0000000e+00 6.6960570e-01
0.0000000e+00 8.1090230e-01
1.0000000e+00 6.0987030e-01
0.0000000e+00 3.5264160e-01
0.0000000e+00 7.4624560e-01
5.7451870e-01 0.0000000e+00
5.6953570e-01 1.0000000e+00
0.0000000e+00 4.6931940e-01
6.6905710e-01 0.0000000e+00
1.3546740e-01 0.0000000e+00
2.3321890e-01 0.0000000e+00
4.5829350e-01 1.0000000e+00
0.0000000e+00 3.9512940e-01
5.3322610e-01 1.0000000e+00
0.0000000e+00 2.6906530e-01
1.0000000e+00 3.6950720e-01
0.0000000e+00 1.7138550e-01
0.0000000e+00 5.6786740e-01
1.0000000e+00 4.6251000e-01
0.0000000e+00 0.0000000e+00
4.5698440e-01 0.0000000e+00
8.3702840e-01 0.0000000e+00
0.0000000e+00 1.0340050e-01
0.0000000e+00 2.1513420e-01
0.0000000e+00 7.9658090e-01
1.0000000e+00 4.5377360e-01
0.0000000e+00 9.0485300e-02
1.7203660e-01 1.0000000e+00
7.8280380e-01 1.0000000e+00
1.0000000e+00 2.9996580e-01
4.5340450e-01 0.0000000e+00
0.0000000e+00 1.9933230e-01
1.0000000e+00 1.0296600e-01
6.5806270e-01 1.0000000e+00
1.0000000e+00 4.3768440e-01
8.3035930e-01 0.0000000e+00
6.7087890e-01 1.0000000e+00
0.0000000e+00 5.2027300e-01
8.3754220e-01 0.0000000e+00
1.0000000e+00 1.2285850e-01
1.4166530e-01 0.0000000e+00
9.4603720e-01 1.0000000e+00
1.0000000e+00 7.3969060e-01
6.0646440e-01 1.0000000e+00
5.7569910e-01 1.0000000e+00
5.0205600e-01 1.0000000e+00
1.1112350e-01 1.0000000e+00
6.8958690e-01 1.0000000e+00
3.2737200e-01 0.0000000e+00
1.0000000e+00 5.6320990e-01
1.0000000e+00 1.6165700e-01
1.0000000e+00 7.4133970e-01
0.0000000e+00 4.0559370e-01
7.5626460e-01 0.0000000e+00
7.4765440e-01 1.0000000e+00
6.8269600e-01 0.0000000e+00
0.0000000e+00 8.1023870e-01
0.0000000e+00 2.2225650e-01
8.0704700e-01 1.0000000e+00
0.0000000e+00 3.1460280e-01
6.9344630e-01 1.0000000e+00
7.4573310e-01 0.0000000e+00
8.0342760e-01 0.0000000e+00
1.0000000e+00 5.5111380e-01
5.9103130e-01 1.0000000e+00
7.4561680e-01 0.0000000e+00
1.0000000e+00 3.1514350e-01
1.0000000e+00 1.1722190e-01
0.0000000e+00 4.6544450e-01
1.0000000e+00 0.0000000e+00
1.0000000e+00 2.1309940e-01
0.0000000e+00 4.3835500e-01
1.0000000e+00 4.8755760e-01
0.0000000e+00 2.1465140e-01
0.0000000e+00 9.0017680e-01
0.0000000e+00 2.2830180e-01
6.8424260e-01 0.0000000e+00
0.0000000e+00 5.1055640e-01
0.0000000e+00 7.1899220e-01
5.8320530e-01 1.0000000e+00
1.0000000e+00 1.7698850e-01
7.0243980e-01 0.0000000e+00
7.6178740e-01 1.0000000e+00
0.0000000e+00 8.7036820e-01
6.9192300e-02 1.0000000e+00
1.0000000e+00 9.8078430e-01
1.0000000e+00 4.5777180e-01
0.0000000e+00 4.0852290e-01
2.6530060e-01 0.0000000e+00
1.0000000e+00 3.9867020e-01
1.0000000e+00 9.9041870e-01
0.0000000e+00 5.0174200e-02
2.4129940e-01 0.0000000e+00
0.0000000e+00 4.5646060e-01
8.5127370e-01 0.0000000e+00
1.0000000e+00 9.0336980e-01
2.6638980e-01 1.0000000e+00
1.0000000e+00 4.0583620e-01
1.0000000e+00 9.0357860e-01
6.5260680e-01 0.0000000e+00
4.6900470e-01 0.0000000e+00
1.0000000e+00 9.0985760e-01
3.6737920e-01 0.0000000e+00
5.3709720e-01 1.0000000e+00
0.0000000e+00 6.6979820e-01
0.0000000e+00 1.0000000e+00
4.3672760e-01 1.0000000e+00
2.7768200e-02 0.0000000e+00
0.0000000e+00 8.9991800e-02
2.6302160e-01 1.0000000e+00
2.6309430e-01 1.0000000e+00
1.0000000e+00 2.0738380e-01
5.8192170e-01 0.0000000e+00
1.0000000e+00 1.0000000e+00
6.4787620e-01 1.0000000e+00
5.6865640e-01 0.0000000e+00
0.0000000e+00 5.4542730e-01
1.0000000e+00 2.6789020e-01
