0.0000000e+00 0.0000000e+00
1.0000000e+00 0.0000000e+00
0.0000000e+00 1.0000000e+00
1.0000000e+00 1.0000000e+00
0.0000000e+00 6.8755070e-01
6.2507510e-01 0.0000000e+00
3.2645400e-01 0.0000000e+00
3.3344150e-01 0.0000000e+00
5.8304840e-01 1.0000000e+00
4.4626530e-01 0.0000000e+00
1.0000000e+00 6.8625510e-01
6.6535310e-01 1.0000000e+00
7.2438390e-01 1.0000000e+00
0.0000000e+00 4.1897020e-01
0.0000000e+00 9.6277700e-01
0.0000000e+00 7.2529480e-01
5.9742920e-01 0.0000000e+00
0.0000000e+00 3.1216150e-01
1.6894120e-01 0.0000000e+00
8.2961800e-01 1.0000000e+00
1.8320990e-01 1.0000000e+00
6.5141110e-01 0.0000000e+00
3.7804070e-01 0.0000000e+00
2.9246600e-01 0.0000000e+00
5.1148940e-01 1.0000000e+00
1.0000000e+00 3.9643230e-01
0.0000000e+00 9.3217100e-02
2.7209380e-01 1.0000000e+00
1.0000000e+00 1.6224070e-01
1.0000000e+00 9.1300640e-01
1.0000000e+00 1.2657560e-01
4.2411720e-01 0.0000000e+00
1.0000000e+00 4.8501370e-01
6.0788970e-01 1.0000000e+00
1.0000000e+00 4.2447490e-01
1.0000000e+00 8.3536820e-01
0.0000000e+00 6.8374130e-01
6.1355110e-01 1.0000000e+00
0.0000000e+00 8.0416230e-01
1.0000000e+00 5.5022950e-01
3.5763550e-01 0.0000000e+00
0.0000000e+00 8.7197500e-02
2.5821560e-01 0.0000000e+00
8.6163940e-01 0.0000000e+00
7.5969330e-01 1.0000000e+00
8.6658220e-01 0.0000000e+00
0.0000000e+00 4.5576730e-01
7.4830480e-01 0.0000000e+00
4.4006660e-01 0.0000000e+00
1.0000000e+00 6.8730500e-02
0.0000000e+00 5.5677900e-01
0.0000000e+00 7.7814340e-01
1.0000000e+00 8.9945130e-01
9.1597760e-01 0.0000000e+00
1.0000000e+00 5.1355890e-01
1.0000000e+00 2.0750150e-01
1.0000000e+00 1.8162450e-01
0.0000000e+00 5.0102760e-01
0.0000000e+00 6.2681550e-01
8.8194600e-01 1.0000000e+00
1.0000000e+00 2.3130840e-01
1.0000000e+00 8.3684470e-01
9.3069020e-01 1.0000000e+00
1.0000000e+00 8.8101400e-01
8.2397910e-01 1.0000000e+00
7.2297140e-01 1.0000000e+00
0.0000000e+00 7.6161090e-01
0.0000000e+00 7.0040880e-01
7.7482070e-01 0.0000000e+00
1.0000000e+00 2.8642650e-01
6.8471830e-01 0.0000000e+00
1.7380820e-01 0.0000000e+00
3.6928780e-01 1.0000000e+00
5.3323450e-01 1.0000000e+00
0.0000000e+00 6.4280890e-01
6.7914000e-01 1.0000000e+00
4.2016030e-01 0.0000000e+00
0.0000000e+00 7.1727530e-01
5.5548650e-01 1.0000000e+00
1.3014840e-01 0.0000000e+00
1.0950960e-01 1.0000000e+00
0.0000000e+00 8.8046070e-01
1.6241380e-01 0.0000000e+00
4.3306950e-01 1.0000000e+00
7.7204000e-03 0.0000000e+00
1.9377540e-01 1.0000000e+00
1.9115510e-01 1.0000000e+00
0.0000000e+00 7.0609340e-01
0.0000000e+00 3.3046460e-01
4.8790390e-01 1.0000000e+00
1.9514660e-01 1.0000000e+00
0.0000000e+00 1.9205620e-01
3.1930280e-01 0.0000000e+00
0.0000000e+00 3.5718420e-01
6.6252470e-01 1.0000000e+00
0.0000000e+00 9.5772000e-03
0.0000000e+00 6.2261600e-02
0.0000000e+00 5.5640770e-01
1.0000000e+00 4.4962890e-01
1.0000000e+00 6.7873500e-02
1.0000000e+00 6.9462400e-01
1.0000000e+00 6.2740890e-01
4.1910010e-01 1.0000000e+00
1.7704930e-01 1.0000000e+00
1.0000000e+00 9.0724600e-02
7.7001500e-02 1.0000000e+00
6.6575700e-01 0.0000000e+00
3.8490900e-02 1.0000000e+00
1.0000000e+00 8.6586390e-01
4.9929080e-01 0.0000000e+00
0.0000000e+00 8.9287980e-01
3.5198360e-01 1.0000000e+00
1.0000000e+00 5.4893510e-01
0.0000000e+00 8.7638350e-01
4.3085360e-01 0.0000000e+00
7.6842920e-01 0.0000000e+00
0.0000000e+00 7.6488390e-01
1.0000000e+00 6.1867100e-02
1.0000000e+00 4.8175350e-01
1.0000000e+00 9.7163170e-01
1.9216900e-02 0.0000000e+00
1.0000000e+00 9.3173730e-01
1.0000000e+00 5.5885800e-01
8.1775300e-01 1.0000000e+00
9.1054750e-01 0.0000000e+00
0.0000000e+00 5.6526650e-01
1.0000000e+00 4.3384080e-01
1.9020900e-01 0.0000000e+00
