0.0000000e+00 0.0000000e+00
1.0000000e+00 0.0000000e+00
0.0000000e+00 1.0000000e+00
1.0000000e+00 1.0000000e+00
1.0000000e+00 7.3922760e-01
9.8020220e-01 0.0000000e+00
6.7425150e-01 0.0000000e+00
1.0269430e-01 0.0000000e+00
3.8963880e-01 0.0000000e+00
1.0000000e+00 4.2237100e-02
4.0498000e-01 0.0000000e+00
4.7368940e-01 0.0000000e+00
1.0000000e+00 8.9542000e-03
2.3398200e-01 0.0000000e+00
7.5247700e-02 0.0000000e+00
1.0000000e+00 9.2811710e-01
2.5521170e-01 1.0000000e+00
1.3232020e-01 0.0000000e+00
4.1648530e-01 1.0000000e+00
1.0000000e+00 6.4528800e-02
1.0000000e+00 6.1812730e-01
2.6740000e-02 0.0000000e+00
9.4260310e-01 0.0000000e+00
5.1558500e-02 1.0000000e+00
0.0000000e+00 5.8527580e-01
1.0000000e+00 7.6760270e-01
1.2987970e-01 0.0000000e+00
7.3896250e-01 0.0000000e+00
1.0000000e+00 3.4203790e-01
0.0000000e+00 4.7937210e-01
5.3836970e-01 1.0000000e+00
0.0000000e+00 8.1959260e-01
3.9029290e-01 1.0000000e+00
1.0000000e+00 1.0066280e-01
0.0000000e+00 6.0634340e-01
3.5162060e-01 1.0000000e+00
9.3334670e-01 0.0000000e+00
0.0000000e+00 8.4141290e-01
2.9319410e-01 0.0000000e+00
1.0000000e+00 3.4681170e-01
0.0000000e+00 2.1521440e-01
1.0000000e+00 4.8357770e-01
9.5567740e-01 0.0000000e+00
0.0000000e+00 5.6972910e-01
7.1600460e-01 1.0000000e+00
0.0000000e+00 9.4191470e-01
3.4509400e-01 0.0000000e+00
4.9524600e-02 0.0000000e+00
9.6872090e-01 0.0000000e+00
1.0000000e+00 2.4880200e-01
4.0053760e-01 0.0000000e+00
1.0000000e+00 8.8748180e-01
1.8370140e-01 1.0000000e+00
0.0000000e+00 1.4561930e-01
6.8583190e-01 1.0000000e+00
6.6918870e-01 1.0000000e+00
1.0000000e+00 8.5473930e-01
1.0000000e+00 8.1353320e-01
0.0000000e+00 7.6508600e-02
0.0000000e+00 5.5500670e-01
5.5553360e-01 1.0000000e+00
0.0000000e+00 7.1061770e-01
9.5445390e-01 1.0000000e+00
5.4740300e-01 0.0000000e+00
6.5551640e-01 1.0000000e+00
1.0000000e+00 3.5340750e-01
0.0000000e+00 2.2339760e-01
1.0000000e+00 7.8159270e-01
7.1647680e-01 0.0000000e+00
0.0000000e+00 2.9369820e-01
4.9513300e-02 0.0000000e+00
2.7156070e-01 1.0000000e+00
8.5174500e-02 1.0000000e+00
1.0000000e+00 4.5708360e-01
0.0000000e+00 3.0218700e-02
0.0000000e+00 2.8503230e-01
1.0000000e+00 6.3234920e-01
0.0000000e+00 3.6648800e-01
2.1644520e-01 0.0000000e+00
0.0000000e+00 8.6352490e-01
3.5665580e-01 1.0000000e+00
0.0000000e+00 2.3078300e-02
0.0000000e+00 6.0063950e-01
7.4768350e-01 0.0000000e+00
1.1527880e-01 1.0000000e+00
3.2952380e-01 0.0000000e+00
0.0000000e+00 2.8682850e-01
3.2034830e-01 0.0000000e+00
9.4420790e-01 0.0000000e+00
0.0000000e+00 5.1114390e-01
4.2349580e-01 0.0000000e+00
0.0000000e+00 2.3044520e-01
2.6420860e-01 0.0000000e+00
0.0000000e+00 5.3830070e-01
1.0000000e+00 4.4542680e-01
0.0000000e+00 3.2166130e-01
1.0000000e+00 4.3804700e-01
6.4437970e-01 0.0000000e+00
0.0000000e+00 9.0932080e-01
2.3478600e-01 1.0000000e+00
3.3728400e-01 0.0000000e+00
9.2254910e-01 1.0000000e+00
8.4165460e-01 0.0000000e+00
0.0000000e+00 6.8409260e-01
6.5245950e-01 1.0000000e+00
4.9913340e-01 1.0000000e+00
3.1413040e-01 0.0000000e+00
9.6252830e-01 1.0000000e+00
0.0000000e+00 3.9235480e-01
7.2139700e-02 0.0000000e+00
0.0000000e+00 8.9369880e-01
1.1924590e-01 1.0000000e+00
0.0000000e+00 6.6125220e-01
0.0000000e+00 8.8576800e-02
1.0000000e+00 2.6795310e-01
2.7536130e-01 1.0000000e+00
7.5276080e-01 1.0000000e+00
5.9727590e-01 1.0000000e+00
0.0000000e+00 6.5013450e-01
4.9566600e-01 0.0000000e+00
0.0000000e+00 2.4991530e-01
0.0000000e+00 4.1320560e-01
0.0000000e+00 8.2417700e-01
9.1453500e-01 1.0000000e+00
0.0000000e+00 7.2821510e-01
0.0000000e+00 9.5805300e-02
7.0965380e-01 1.0000000e+00
0.0000000e+00 5.1386020e-01
