0.0000000e+00 0.0000000e+00
1.0000000e+00 0.0000000e+00
0.0000000e+00 1.0000000e+00
1.0000000e+00 1.0000000e+00
0.0000000e+00 8.8888270e-01
0.0000000e+00 4.8276900e-01
0.0000000e+00 9.0463340e-01
1.0000000e+00 3.3724580e-01
5.6760190e-01 0.0000000e+00
8.3829400e-02 0.0000000e+00
0.0000000e+00 5.9533180e-01
2.1322980e-01 0.0000000e+00
1.0000000e+00 8.4963370e-01
2.4478440e-01 1.0000000e+00
8.3411460e-01 1.0000000e+00
0.0000000e+00 1.2723730e-01
0.0000000e+00 4.4047970e-01
4.3267700e-01 0.0000000e+00
8.9598000e-03 0.0000000e+00
1.0000000e+00 6.9830950e-01
1.0000000e+00 8.2113300e-01
1.0000000e+00 6.5357430e-01
0.0000000e+00 2.3514250e-01
8.6385440e-01 0.0000000e+00
2.1044200e-01 0.0000000e+00
1.0000000e+00 9.3438120e-01
6.4025180e-01 1.0000000e+00
0.0000000e+00 5.0412600e-01
0.0000000e+00 3.1099850e-01
1.0000000e+00 7.0700480e-01
0.0000000e+00 6.9708040e-01
6.5638000e-01 1.0000000e+00
3.1950000e-04 0.0000000e+00
7.9000360e-01 0.0000000e+00
1.0000000e+00 4.6523130e-01
9.2237400e-01 0.0000000e+00
0.0000000e+00 4.1333970e-01
8.8310200e-02 0.0000000e+00
0.0000000e+00 2.1066790e-01
1.4617490e-01 0.0000000e+00
0.0000000e+00 4.1268590e-01
0.0000000e+00 7.1676550e-01
7.2464580e-01 0.0000000e+00
1.0000000e+00 2.5922420e-01
0.0000000e+00 7.7510420e-01
9.5650430e-01 0.0000000e+00
4.4014890e-01 1.0000000e+00
2.9772820e-01 1.0000000e+00
0.0000000e+00 1.5122990e-01
0.0000000e+00 1.5606640e-01
0.0000000e+00 4.3964900e-02
1.0000000e+00 5.1805230e-01
2.8327900e-01 0.0000000e+00
1.0000000e+00 6.4861010e-01
0.0000000e+00 5.0084660e-01
2.4017790e-01 0.0000000e+00
1.0000000e+00 3.5842430e-01
2.0687860e-01 0.0000000e+00
0.0000000e+00 9.7320690e-01
6.3310700e-01 1.0000000e+00
0.0000000e+00 8.7642960e-01
1.0000000e+00 1.3156000e-01
7.9114640e-01 1.0000000e+00
1.0000000e+00 4.1138570e-01
4.6421900e-01 1.0000000e+00
3.5750470e-01 1.0000000e+00
1.0000000e+00 3.8831410e-01
4.2567300e-02 1.0000000e+00
1.0000000e+00 3.3565390e-01
1.0000000e+00 3.3156770e-01
8.3674490e-01 1.0000000e+00
1.0000000e+00 3.8779900e-02
5.2737370e-01 1.0000000e+00
3.5400300e-02 1.0000000e+00
1.0000000e+00 4.6454310e-01
0.0000000e+00 7.8456270e-01
0.0000000e+00 9.3597630e-01
0.0000000e+00 9.4217470e-01
3.4222260e-01 0.0000000e+00
1.0000000e+00 1.2100350e-01
6.0177060e-01 0.0000000e+00
1.0000000e+00 2.4861600e-01
3.4515170e-01 1.0000000e+00
9.5639660e-01 1.0000000e+00
0.0000000e+00 1.5465660e-01
0.0000000e+00 4.4767190e-01
4.8242590e-01 0.0000000e+00
4.8095640e-01 1.0000000e+00
0.0000000e+00 9.3456160e-01
8.6720770e-01 1.0000000e+00
1.0000000e+00 2.5564240e-01
4.8704400e-01 1.0000000e+00
1.3689520e-01 1.0000000e+00
9.2746590e-01 1.0000000e+00
0.0000000e+00 2.4554270e-01
1.5993670e-01 0.0000000e+00
1.0000000e+00 2.6774610e-01
1.0000000e+00 2.3987750e-01
3.7890580e-01 1.0000000e+00
9.4375000e-02 0.0000000e+00
1.0000000e+00 3.4373220e-01
1.0000000e+00 1.3726220e-01
4.7846540e-01 1.0000000e+00
1.6356790e-01 0.0000000e+00
3.8596070e-01 0.0000000e+00
1.0000000e+00 6.2186050e-01
1.0000000e+00 9.5318710e-01
0.0000000e+00 7.2354460e-01
1.0000000e+00 3.5201010e-01
4.2742000e-02 0.0000000e+00
7.5491990e-01 0.0000000e+00
3.2224480e-01 0.0000000e+00
2.7363130e-01 1.0000000e+00
4.2281970e-01 1.0000000e+00
8.5596610e-01 1.0000000e+00
1.0000000e+00 1.7088970e-01
3.4473810e-01 0.0000000e+00
4.0266740e-01 0.0000000e+00
7.3472690e-01 0.0000000e+00
6.1272400e-01 1.0000000e+00
2.6127400e-01 0.0000000e+00
1.0000000e+00 9.4017070e-01
5.8548830e-01 0.0000000e+00
4.6304220e-01 0.0000000e+00
8.5270340e-01 1.0000000e+00
2.8907640e-01 0.0000000e+00
1.0000000e+00 6.7473620e-01
0.0000000e+00 5.6792780e-01
