0.0000000e+00 0.0000000e+00
1.0000000e+00 0.0000000e+00
0.0000000e+00 1.0000000e+00
1.0000000e+00 1.0000000e+00
1.0000000e+00 7.7757130e-01
1.0000000e+00 3.5496900e-01
5.7790800e-02 1.0000000e+00
1.0000000e+00 7.5374070e-01
0.0000000e+00 9.9172670e-01
7.5610500e-01 0.0000000e+00
0.0000000e+00 9.6989870e-01
1.2542280e-01 0.0000000e+00
5.9158110e-01 0.0000000e+00
0.0000000e+00 8.4837020e-01
0.0000000e+00 9.9698880e-01
0.0000000e+00 6.0750000e-03
1.0000000e+00 9.6869600e-01
6.3846640e-01 1.0000000e+00
0.0000000e+00 3.2275640e-01
1.0000000e+00 9.3969530e-01
1.0000000e+00 7.4355680e-01
9.4014970e-01 1.0000000e+00
1.0000000e+00 4.3723070e-01
8.0574290e-01 0.0000000e+00
1.0000000e+00 1.8439690e-01
9.4151760e-01 0.0000000e+00
1.0000000e+00 7.1199880e-01
9.0074600e-01 1.0000000e+00
9.8620540e-01 1.0000000e+00
4.9826040e-01 0.0000000e+00
1.5584780e-01 1.0000000e+00
1.0000000e+00 3.2579110e-01
3.4631170e-01 1.0000000e+00
4.4917650e-01 0.0000000e+00
0.0000000e+00 5.9433980e-01
3.6863930e-01 0.0000000e+00
2.5917330e-01 0.0000000e+00
1.9569300e-01 1.0000000e+00
6.9979590e-01 1.0000000e+00
9.9292650e-01 1.0000000e+00
1.0000000e+00 4.5376630e-01
1.0000000e+00 2.2836880e-01
0.0000000e+00 9.0156350e-01
0.0000000e+00 5.2563040e-01
1.0000000e+00 5.7720070e-01
0.0000000e+00 6.7978490e-01
5.3933150e-01 0.0000000e+00
2.2644270e-01 1.0000000e+00
0.0000000e+00 2.0825070e-01
9.3429900e-02 0.0000000e+00
1.0000000e+00 1.5885730e-01
3.5700160e-01 0.0000000e+00
0.0000000e+00 9.8569300e-01
0.0000000e+00 1.2447820e-01
0.0000000e+00 7.0830190e-01
0.0000000e+00 9.6711870e-01
5.0644620e-01 0.0000000e+00
1.4099080e-01 1.0000000e+00
4.2295410e-01 0.0000000e+00
6.7229470e-01 1.0000000e+00
6.1656800e-01 1.0000000e+00
0.0000000e+00 2.7150170e-01
5.5094500e-01 0.0000000e+00
0.0000000e+00 6.3262880e-01
2.2893910e-01 0.0000000e+00
0.0000000e+00 1.0530400e-01
0.0000000e+00 1.1977160e-01
0.0000000e+00 5.7097760e-01
1.0000000e+00 8.3987730e-01
0.0000000e+00 1.6178400e-01
8.5595490e-01 0.0000000e+00
6.0621760e-01 0.0000000e+00
1.0000000e+00 4.9084530e-01
0.0000000e+00 4.2931210e-01
0.0000000e+00 5.3072510e-01
1.0000000e+00 6.7702100e-02
0.0000000e+00 5.0860580e-01
7.3743590e-01 0.0000000e+00
3.5608830e-01 0.0000000e+00
3.1822490e-01 0.0000000e+00
1.0000000e+00 4.3442960e-01
0.0000000e+00 1.2956740e-01
1.0000000e+00 5.6119100e-02
8.0112530e-01 1.0000000e+00
0.0000000e+00 1.5411680e-01
5.4138160e-01 0.0000000e+00
5.4728980e-01 0.0000000e+00
3.0722240e-01 1.0000000e+00
9.6930800e-02 0.0000000e+00
0.0000000e+00 3.1174100e-01
1.0000000e+00 2.9090510e-01
4.9066120e-01 1.0000000e+00
0.0000000e+00 5.7846090e-01
5.6202990e-01 0.0000000e+00
4.6491220e-01 1.0000000e+00
8.8021000e-02 0.0000000e+00
0.0000000e+00 6.5857120e-01
0.0000000e+00 5.7133880e-01
1.0000000e+00 2.4971120e-01
9.2830730e-01 0.0000000e+00
1.0000000e+00 8.3954580e-01
9.8669880e-01 1.0000000e+00
5.5747150e-01 1.0000000e+00
7.1761870e-01 0.0000000e+00
9.9012260e-01 0.0000000e+00
1.0000000e+00 9.3317790e-01
9.9766970e-01 0.0000000e+00
0.0000000e+00 8.7843230e-01
1.0000000e+00 8.9217170e-01
0.0000000e+00 2.1300260e-01
6.1748750e-01 0.0000000e+00
0.0000000e+00 4.5393510e-01
6.1314940e-01 0.0000000e+00
1.0000000e+00 4.0493520e-01
8.8971480e-01 1.0000000e+00
0.0000000e+00 9.1229750e-01
3.9356500e-01 0.0000000e+00
1.6820050e-01 0.0000000e+00
0.0000000e+00 7.2232460e-01
9.1646830e-01 0.0000000e+00
3.8669890e-01 0.0000000e+00
3.6668250e-01 0.0000000e+00
1.0000000e+00 5.6165160e-01
2.1405800e-01 1.0000000e+00
1.0000000e+00 4.2465780e-01
9.7076240e-01 0.0000000e+00
7.0515700e-01 0.0000000e+00
7.9301320e-01 1.0000000e+00
