0.0000000e+00 0.0000000e+00
1.0000000e+00 0.0000000e+00
0.0000000e+00 1.0000000e+00
1.0000000e+00 1.0000000e+00
1.0000000e+00 4.5831580e-01
0.0000000e+00 9.6330470e-01
1.0000000e+00 2.0900750e-01
0.0000000e+00 7.1310170e-01
1.0000000e+00 7.0747120e-01
1.0000000e+00 1.1890800e-01
0.0000000e+00 9.7353690e-01
1.0000000e+00 4.1471750e-01
7.4672360e-01 0.0000000e+00
4.1718920e-01 1.0000000e+00
0.0000000e+00 2.2008470e-01
5.7830860e-01 1.0000000e+00
6.9732760e-01 1.0000000e+00
8.8398300e-02 0.0000000e+00
7.2705330e-01 1.0000000e+00
4.0576240e-01 1.0000000e+00
1.0000000e+00 2.5083420e-01
4.5545500e-02 1.0000000e+00
1.0000000e+00 1.1136640e-01
1.0000000e+00 3.0576450e-01
1.2128460e-01 0.0000000e+00
1.0000000e+00 4.5458750e-01
1.4851980e-01 1.0000000e+00
1.0000000e+00 8.6513720e-01
0.0000000e+00 3.7931070e-01
8.7750290e-01 0.0000000e+00
0.0000000e+00 5.9928570e-01
0.0000000e+00 3.6742350e-01
0.0000000e+00 2.6752110e-01
9.0145100e-02 0.0000000e+00
1.0000000e+00 8.7268480e-01
0.0000000e+00 3.6867580e-01
1.1060960e-01 0.0000000e+00
0.0000000e+00 1.3228040e-01
0.0000000e+00 2.6071900e-01
1.0000000e+00 5.2600640e-01
1.0000000e+00 3.4648650e-01
3.5662930e-01 1.0000000e+00
0.0000000e+00 1.1900900e-01
1.0000000e+00 9.2960520e-01
9.6223110e-01 1.0000000e+00
0.0000000e+00 3.6230710e-01
1.0000000e+00 8.3605970e-01
3.9634260e-01 0.0000000e+00
8.4548110e-01 0.0000000e+00
7.5177990e-01 1.0000000e+00
1.0000000e+00 8.5173690e-01
0.0000000e+00 6.5160960e-01
1.0000000e+00 9.2081010e-01
0.0000000e+00 1.7707370e-01
0.0000000e+00 8.7552900e-02
1.0000000e+00 8.8462690e-01
0.0000000e+00 7.5756410e-01
8.6483620e-01 0.0000000e+00
1.0000000e+00 3.5264200e-01
0.0000000e+00 4.6769880e-01
6.9319600e-01 1.0000000e+00
1.6612300e-01 1.0000000e+00
4.3125310e-01 0.0000000e+00
6.2031990e-01 0.0000000e+00
1.0000000e+00 9.0466430e-01
0.0000000e+00 2.2890220e-01
1.0000000e+00 1.9210520e-01
0.0000000e+00 5.9076400e-02
5.5521170e-01 0.0000000e+00
2.1489080e-01 1.0000000e+00
0.0000000e+00 1.1647500e-02
1.2523090e-01 1.0000000e+00
8.1021830e-01 0.0000000e+00
1.3041370e-01 1.0000000e+00
4.4864400e-02 1.0000000e+00
2.6775920e-01 0.0000000e+00
9.9603280e-01 0.0000000e+00
1.0000000e+00 5.9488010e-01
4.4812500e-01 0.0000000e+00
2.2551100e-01 0.0000000e+00
0.0000000e+00 6.4275000e-03
0.0000000e+00 7.8250800e-01
0.0000000e+00 5.9413520e-01
1.8089100e-02 0.0000000e+00
8.1917450e-01 0.0000000e+00
1.0000000e+00 6.6140810e-01
1.0000000e+00 2.0060870e-01
7.6299260e-01 1.0000000e+00
1.5869330e-01 1.0000000e+00
1.0000000e+00 8.3852690e-01
1.0000000e+00 9.6493120e-01
6.8769820e-01 0.0000000e+00
1.0000000e+00 9.8133630e-01
9.4577480e-01 1.0000000e+00
1.0000000e+00 5.4264000e-03
6.3548030e-01 1.0000000e+00
9.1623230e-01 0.0000000e+00
5.6942480e-01 0.0000000e+00
1.0000000e+00 8.6879000e-02
8.4931460e-01 0.0000000e+00
0.0000000e+00 8.5231890e-01
0.0000000e+00 3.9438070e-01
0.0000000e+00 4.0278280e-01
1.0000000e+00 5.8000480e-01
6.2750950e-01 1.0000000e+00
0.0000000e+00 8.7221520e-01
2.7076790e-01 0.0000000e+00
0.0000000e+00 4.5228630e-01
7.6131180e-01 1.0000000e+00
6.5090040e-01 0.0000000e+00
5.0881130e-01 0.0000000e+00
1.0000000e+00 7.9002020e-01
1.0000000e+00 9.2858970e-01
2.9043980e-01 1.0000000e+00
5.8129150e-01 1.0000000e+00
4.4789900e-01 1.0000000e+00
1.0000000e+00 8.3059340e-01
0.0000000e+00 5.6694690e-01
2.3783950e-01 1.0000000e+00
1.8273400e-02 1.0000000e+00
0.0000000e+00 6.7607250e-01
2.4844800e-02 1.0000000e+00
0.0000000e+00 7.3596100e-01
1.0000000e+00 3.7470280e-01
2.2006490e-01 0.0000000e+00
9.6810800e-01 1.0000000e+00
1.0000000e+00 4.8279000e-03
1.0000000e+00 9.2863500e-02
