0.0000000e+00 6.4674030e-01
0.0000000e+00 6.8702070e-01
0.0000000e+00 4.7327000e-01
0.0000000e+00 6.4553860e-01
1.0000000e+00 5.6099150e-01
0.0000000e+00 2.2256560e-01
0.0000000e+00 9.1694540e-01
0.0000000e+00 8.3588530e-01
9.2741220e-01 0.0000000e+00
4.9367440e-01 1.0000000e+00
0.0000000e+00 5.3042910e-01
0.0000000e+00 7.0560410e-01
5.8842660e-01 0.0000000e+00
7.7972750e-01 0.0000000e+00
9.7493560e-01 0.0000000e+00
4.4324860e-01 0.0000000e+00
7.0576720e-01 1.0000000e+00
1.0000000e+00 2.6424970e-01
5.4154680e-01 1.0000000e+00
1.0000000e+00 4.1239740e-01
1.1711290e-01 0.0000000e+00
1.0000000e+00 4.6724510e-01
7.1247650e-01 0.0000000e+00
1.0000000e+00 4.5521280e-01
1.0000000e+00 4.1651720e-01
1.0000000e+00 9.9938000e-01
7.9192740e-01 1.0000000e+00
0.0000000e+00 8.3813700e-01
0.0000000e+00 7.9432760e-01
0.0000000e+00 0.0000000e+00
9.1940390e-01 1.0000000e+00
1.6818200e-01 0.0000000e+00
0.0000000e+00 7.3943880e-01
8.5801290e-01 0.0000000e+00
4.3018330e-01 1.0000000e+00
1.0000000e+00 2.7482650e-01
9.0314300e-02 1.0000000e+00
0.0000000e+00 2.1159010e-01
0.0000000e+00 8.5178330e-01
1.0000000e+00 9.9954110e-01
0.0000000e+00 5.4529670e-01
5.9038580e-01 1.0000000e+00
1.0000000e+00 5.1360450e-01
4.8452900e-02 0.0000000e+00
1.0000000e+00 5.7915770e-01
7.4527800e-02 0.0000000e+00
8.5370210e-01 0.0000000e+00
5.3349250e-01 1.0000000e+00
5.9740560e-01 1.0000000e+00
2.4523940e-01 0.0000000e+00
0.0000000e+00 8.2329350e-01
2.3518480e-01 1.0000000e+00
0.0000000e+00 7.5484070e-01
6.1491580e-01 1.0000000e+00
6.1663100e-02 1.0000000e+00
0.0000000e+00 8.3782180e-01
7.1745570e-01 0.0000000e+00
0.0000000e+00 2.6572650e-01
5.8271420e-01 1.0000000e+00
7.3079820e-01 0.0000000e+00
3.5154330e-01 0.0000000e+00
0.0000000e+00 2.9256220e-01
0.0000000e+00 9.8575870e-01
0.0000000e+00 5.8836650e-01
3.0795470e-01 0.0000000e+00
2.8617660e-01 0.0000000e+00
0.0000000e+00 6.2418690e-01
1.0000000e+00 6.9590200e-01
2.1182720e-01 0.0000000e+00
1.0000000e+00 0.0000000e+00
0.0000000e+00 4.1911830e-01
7.0256950e-01 0.0000000e+00
0.0000000e+00 6.3061660e-01
0.0000000e+00 1.8309530e-01
1.0000000e+00 7.1803380e-01
8.3812550e-01 0.0000000e+00
0.0000000e+00 6.8218460e-01
7.4757610e-01 0.0000000e+00
0.0000000e+00 6.5097100e-01
3.6912840e-01 1.0000000e+00
0.0000000e+00 8.0841470e-01
1.0000000e+00 2.4457000e-02
0.0000000e+00 7.1343320e-01
4.0562700e-02 0.0000000e+00
4.4473440e-01 1.0000000e+00
1.6570360e-01 1.0000000e+00
8.2234820e-01 0.0000000e+00
1.0000000e+00 9.2277780e-01
1.0000000e+00 4.6026110e-01
0.0000000e+00 4.7734240e-01
1.0000000e+00 7.7968770e-01
0.0000000e+00 1.1418870e-01
0.0000000e+00 9.7616630e-01
7.1460280e-01 0.0000000e+00
7.3111560e-01 0.0000000e+00
1.0000000e+00 8.1746870e-01
0.0000000e+00 2.1414870e-01
0.0000000e+00 3.5207790e-01
7.3321250e-01 1.0000000e+00
8.3347630e-01 1.0000000e+00
3.2209360e-01 1.0000000e+00
0.0000000e+00 5.1940940e-01
0.0000000e+00 4.1400720e-01
1.0000000e+00 5.9018980e-01
6.2495390e-01 0.0000000e+00
0.0000000e+00 1.2095290e-01
7.1849610e-01 0.0000000e+00
6.4608500e-01 1.0000000e+00
5.3975450e-01 0.0000000e+00
4.5669420e-01 1.0000000e+00
0.0000000e+00 1.0000000e+00
1.0000000e+00 7.7872900e-02
0.0000000e+00 8.4343700e-01
6.5025670e-01 1.0000000e+00
9.4099070e-01 1.0000000e+00
1.1336800e-01 1.0000000e+00
2.0923790e-01 0.0000000e+00
7.4628200e-02 1.0000000e+00
0.0000000e+00 9.5663520e-01
3.3617710e-01 0.0000000e+00
1.0000000e+00 1.0000000e+00
5.1058300e-01 0.0000000e+00
0.0000000e+00 8.0669790e-01
0.0000000e+00 6.7056370e-01
4.5082910e-01 0.0000000e+00
4.6893670e-01 1.0000000e+00
1.0000000e+00 3.7046140e-01
0.0000000e+00 1.5328800e-01
