0.0000000e+00 0.0000000e+00
1.0000000e+00 0.0000000e+00
0.0000000e+00 1.0000000e+00
1.0000000e+00 1.0000000e+00
8.9819840e-01 0.0000000e+00
5.9251130e-01 1.0000000e+00
1.0000000e+00 5.9974990e-01
9.3855890e-01 1.0000000e+00
9.4829630e-01 0.0000000e+00
0.0000000e+00 2.2507040e-01
8.2871230e-01 0.0000000e+00
0.0000000e+00 6.9272760e-01
5.9676990e-01 0.0000000e+00
2.1043770e-01 1.0000000e+00
0.0000000e+00 4.7154030e-01
5.7416900e-02 1.0000000e+00
0.0000000e+00 7.5244790e-01
0.0000000e+00 7.7945370e-01
8.4625410e-01 1.0000000e+00
6.6275020e-01 1.0000000e+00
2.3357610e-01 1.0000000e+00
0.0000000e+00 7.0844360e-01
1.0000000e+00 4.4588200e-02
5.8388760e-01 0.0000000e+00
0.0000000e+00 3.4584830e-01
1.0000000e+00 6.4093310e-01
5.0495300e-01 1.0000000e+00
0.0000000e+00 7.7094840e-01
8.6661200e-02 0.0000000e+00
0.0000000e+00 8.2197290e-01
1.9973170e-01 0.0000000e+00
7.6066590e-01 0.0000000e+00
2.4353010e-01 0.0000000e+00
7.0462850e-01 0.0000000e+00
9.4041030e-01 0.0000000e+00
2.1809520e-01 1.0000000e+00
8.9085360e-01 0.0000000e+00
3.4517000e-02 1.0000000e+00
4.4217340e-01 1.0000000e+00
9.0688340e-01 0.0000000e+00
8.9915180e-01 0.0000000e+00
2.9239050e-01 0.0000000e+00
2.7968600e-02 1.0000000e+00
7.5333070e-01 1.0000000e+00
5.4778770e-01 1.0000000e+00
5.2868940e-01 0.0000000e+00
1.6008000e-03 0.0000000e+00
4.6573150e-01 0.0000000e+00
1.0000000e+00 8.5674560e-01
0.0000000e+00 6.4291680e-01
0.0000000e+00 6.7001340e-01
5.2215180e-01 1.0000000e+00
1.0000000e+00 5.1001830e-01
0.0000000e+00 1.6624000e-02
4.5770020e-01 1.0000000e+00
1.3002730e-01 0.0000000e+00
1.0000000e+00 4.9408600e-01
1.2024200e-02 0.0000000e+00
0.0000000e+00 8.9153130e-01
4.5319810e-01 1.0000000e+00
7.1567390e-01 0.0000000e+00
6.8272870e-01 0.0000000e+00
1.0000000e+00 5.5975880e-01
7.1775280e-01 0.0000000e+00
6.6305160e-01 0.0000000e+00
6.5920000e-03 1.0000000e+00
1.0000000e+00 6.8667610e-01
1.7485800e-01 0.0000000e+00
0.0000000e+00 4.6266580e-01
1.0754120e-01 0.0000000e+00
1.0000000e+00 6.0768290e-01
0.0000000e+00 8.0847120e-01
9.3437900e-02 0.0000000e+00
1.0000000e+00 1.6516700e-02
1.0000000e+00 1.8622430e-01
1.0000000e+00 7.8091990e-01
9.4401010e-01 1.0000000e+00
0.0000000e+00 1.3703680e-01
2.5733420e-01 1.0000000e+00
0.0000000e+00 2.0844290e-01
7.8500150e-01 0.0000000e+00
1.0237350e-01 0.0000000e+00
9.8290260e-01 1.0000000e+00
0.0000000e+00 9.7530700e-01
0.0000000e+00 2.7906100e-01
1.4103020e-01 0.0000000e+00
4.3512880e-01 1.0000000e+00
6.8821250e-01 1.0000000e+00
4.7570280e-01 0.0000000e+00
4.2379840e-01 0.0000000e+00
3.2763040e-01 0.0000000e+00
1.7624740e-01 0.0000000e+00
2.3439090e-01 1.0000000e+00
1.0000000e+00 2.6869080e-01
5.8044680e-01 0.0000000e+00
9.8009990e-01 1.0000000e+00
1.0000000e+00 4.7746600e-01
6.3881820e-01 1.0000000e+00
0.0000000e+00 1.6060390e-01
1.0000000e+00 5.0376920e-01
0.0000000e+00 5.8254080e-01
7.4077630e-01 0.0000000e+00
0.0000000e+00 8.9212800e-02
2.1707030e-01 0.0000000e+00
0.0000000e+00 8.2087410e-01
0.0000000e+00 4.3942290e-01
0.0000000e+00 3.2438630e-01
3.4309000e-01 0.0000000e+00
2.5584810e-01 1.0000000e+00
8.4145560e-01 0.0000000e+00
1.0000000e+00 3.2976600e-01
1.0000000e+00 4.5020460e-01
2.5653830e-01 1.0000000e+00
1.0000000e+00 9.7487120e-01
1.0000000e+00 4.0741900e-02
3.3787840e-01 1.0000000e+00
8.2777500e-02 0.0000000e+00
2.4558160e-01 1.0000000e+00
1.0000000e+00 2.1864220e-01
0.0000000e+00 8.0838900e-01
0.0000000e+00 5.0534160e-01
0.0000000e+00 1.1128490e-01
1.9408160e-01 0.0000000e+00
8.8910500e-02 1.0000000e+00
1.0000000e+00 3.6141120e-01
1.0000000e+00 5.2618600e-02
7.7031420e-01 1.0000000e+00
0.0000000e+00 4.9354750e-01
