0.0000000e+00 0.0000000e+00
1.0000000e+00 0.0000000e+00
0.0000000e+00 1.0000000e+00
1.0000000e+00 1.0000000e+00
8.1355830e-01 0.0000000e+00
2.8378900e-01 1.0000000e+00
1.0000000e+00 9.6359970e-01
6.8362810e-01 1.0000000e+00
3.1102670e-01 1.0000000e+00
1.0000000e+00 6.5866500e-02
0.0000000e+00 3.0851480e-01
4.9826700e-01 0.0000000e+00
4.3357380e-01 1.0000000e+00
7.6930600e-01 0.0000000e+00
0.0000000e+00 4.8485300e-02
3.0487200e-02 1.0000000e+00
1.0000000e+00 5.7015820e-01
1.0000000e+00 8.7696560e-01
1.0000000e+00 7.3519060e-01
1.0000000e+00 8.3270790e-01
6.1459280e-01 1.0000000e+00
1.0000000e+00 1.4130480e-01
2.9245660e-01 0.0000000e+00
2.0117500e-02 1.0000000e+00
9.0423250e-01 1.0000000e+00
4.0524550e-01 0.0000000e+00
2.5349420e-01 0.0000000e+00
5.4859700e-01 0.0000000e+00
0.0000000e+00 4.0280660e-01
6.3396090e-01 1.0000000e+00
0.0000000e+00 1.8678590e-01
0.0000000e+00 9.0560770e-01
9.2688530e-01 1.0000000e+00
7.5337590e-01 0.0000000e+00
3.4612950e-01 0.0000000e+00
5.4580280e-01 1.0000000e+00
1.0000000e+00 8.2923860e-01
0.0000000e+00 1.7999520e-01
0.0000000e+00 2.6639250e-01
0.0000000e+00 6.5655180e-01
5.7108330e-01 1.0000000e+00
4.6220230e-01 1.0000000e+00
8.8739360e-01 1.0000000e+00
3.7450900e-01 1.0000000e+00
0.0000000e+00 7.1719360e-01
1.0000000e+00 5.4022230e-01
0.0000000e+00 2.2389500e-01
0.0000000e+00 5.2496610e-01
8.4055350e-01 1.0000000e+00
0.0000000e+00 1.7376890e-01
0.0000000e+00 7.0831760e-01
1.0000000e+00 8.2929950e-01
7.7623240e-01 0.0000000e+00
6.5832090e-01 0.0000000e+00
1.0000000e+00 7.6524870e-01
1.0000000e+00 5.1067480e-01
1.0000000e+00 2.8767290e-01
1.0000000e+00 3.8677250e-01
2.9326710e-01 0.0000000e+00
0.0000000e+00 3.2457440e-01
0.0000000e+00 7.1652050e-01
1.0000000e+00 8.2442700e-02
2.4449920e-01 0.0000000e+00
1.0000000e+00 2.4502170e-01
1.0000000e+00 8.6236070e-01
0.0000000e+00 9.2350760e-01
1.3701790e-01 1.0000000e+00
1.0000000e+00 2.9422390e-01
1.0000000e+00 6.5477560e-01
6.1870720e-01 0.0000000e+00
0.0000000e+00 7.0613810e-01
0.0000000e+00 6.9408570e-01
1.0000000e+00 8.2996670e-01
1.9125690e-01 0.0000000e+00
0.0000000e+00 1.9925640e-01
5.2964990e-01 1.0000000e+00
0.0000000e+00 2.5497120e-01
8.2019700e-01 0.0000000e+00
0.0000000e+00 6.3376400e-02
1.0000000e+00 7.5502070e-01
1.0000000e+00 5.0324280e-01
5.9023700e-01 0.0000000e+00
2.2962380e-01 1.0000000e+00
1.0000000e+00 9.6753140e-01
0.0000000e+00 8.4132710e-01
1.0000000e+00 8.1456920e-01
0.0000000e+00 6.9294800e-02
1.0000000e+00 2.1130520e-01
1.0000000e+00 1.6466500e-01
1.0000000e+00 6.0697740e-01
4.3502150e-01 1.0000000e+00
1.0000000e+00 5.2297110e-01
4.1140420e-01 0.0000000e+00
1.9059210e-01 0.0000000e+00
0.0000000e+00 4.9281860e-01
9.9643670e-01 0.0000000e+00
0.0000000e+00 3.3825390e-01
0.0000000e+00 4.0734270e-01
4.5512010e-01 0.0000000e+00
1.0000000e+00 3.1326600e-01
4.9375300e-01 0.0000000e+00
8.4195120e-01 1.0000000e+00
0.0000000e+00 5.5281550e-01
0.0000000e+00 5.6487990e-01
1.0000000e+00 1.6790710e-01
0.0000000e+00 4.7427230e-01
0.0000000e+00 2.7866250e-01
6.0983800e-02 1.0000000e+00
1.0000000e+00 1.5300380e-01
8.1987200e-01 0.0000000e+00
5.3224690e-01 0.0000000e+00
6.0435180e-01 1.0000000e+00
0.0000000e+00 9.4515900e-02
0.0000000e+00 1.4297230e-01
9.6812390e-01 0.0000000e+00
1.0000000e+00 9.3663380e-01
0.0000000e+00 6.8117860e-01
4.1622790e-01 0.0000000e+00
1.0000000e+00 9.3247120e-01
9.3388340e-01 0.0000000e+00
3.4263330e-01 1.0000000e+00
0.0000000e+00 4.3558600e-02
1.0000000e+00 3.6348630e-01
9.7703050e-01 0.0000000e+00
7.5283040e-01 0.0000000e+00
7.6056250e-01 0.0000000e+00
1.0000000e+00 6.2679670e-01
0.0000000e+00 6.6322450e-01
