0.0000000e+00 0.0000000e+00
1.0000000e+00 0.0000000e+00
0.0000000e+00 1.0000000e+00
1.0000000e+00 1.0000000e+00
1.0847160e-01 1.0000000e+00
1.4388320e-01 1.0000000e+00
2.8949850e-01 1.0000000e+00
0.0000000e+00 1.4751390e-01
3.1584020e-01 0.0000000e+00
1.0000000e+00 2.0449750e-01
1.0000000e+00 1.4102210e-01
1.0000000e+00 4.6796670e-01
5.5467470e-01 1.0000000e+00
1.5684010e-01 0.0000000e+00
1.0000000e+00 9.2914870e-01
0.0000000e+00 5.5026000e-01
0.0000000e+00 2.2183020e-01
0.0000000e+00 1.7469100e-02
0.0000000e+00 3.8472740e-01
2.1723300e-01 0.0000000e+00
1.0000000e+00 4.5083040e-01
1.0000000e+00 7.8862840e-01
0.0000000e+00 8.2698860e-01
8.3410600e-02 0.0000000e+00
9.9513750e-01 0.0000000e+00
7.9838390e-01 1.0000000e+00
1.0000000e+00 9.6547500e-02
1.0000000e+00 7.8142100e-01
1.0000000e+00 4.0976900e-02
7.5649140e-01 1.0000000e+00
3.3709340e-01 0.0000000e+00
5.5534980e-01 1.0000000e+00
1.0000000e+00 7.8840990e-01
0.0000000e+00 5.6502470e-01
1.0000000e+00 9.8792140e-01
4.4957060e-01 1.0000000e+00
0.0000000e+00 6.8527910e-01
2.1675800e-02 1.0000000e+00
5.5031300e-01 0.0000000e+00
5.7989500e-02 0.0000000e+00
3.8164750e-01 0.0000000e+00
4.7759050e-01 0.0000000e+00
1.0000000e+00 2.4662320e-01
4.8329490e-01 1.0000000e+00
6.8573210e-01 1.0000000e+00
0.0000000e+00 6.5926930e-01
2.6060000e-04 1.0000000e+00
0.0000000e+00 5.2520060e-01
0.0000000e+00 5.2904330e-01
1.0000000e+00 9.6286230e-01
2.3811390e-01 0.0000000e+00
5.3136580e-01 0.0000000e+00
4.5291100e-02 1.0000000e+00
1.0000000e+00 1.3968780e-01
0.0000000e+00 6.5594220e-01
0.0000000e+00 4.0324590e-01
1.5986110e-01 1.0000000e+00
1.0000000e+00 1.3968360e-01
1.0000000e+00 6.5761070e-01
0.0000000e+00 2.1219610e-01
7.3399600e-01 0.0000000e+00
1.0000000e+00 7.2092760e-01
0.0000000e+00 1.7211580e-01
0.0000000e+00 7.1689100e-02
8.0143500e-02 1.0000000e+00
1.0000000e+00 9.4079970e-01
8.6935170e-01 0.0000000e+00
1.0000000e+00 8.8746010e-01
7.5564290e-01 1.0000000e+00
1.0000000e+00 1.1460830e-01
2.9663320e-01 0.0000000e+00
0.0000000e+00 7.3363490e-01
1.0000000e+00 7.0123550e-01
0.0000000e+00 2.3902950e-01
5.2621360e-01 0.0000000e+00
1.0000000e+00 5.4220030e-01
0.0000000e+00 1.4276580e-01
9.5329830e-01 0.0000000e+00
4.5053360e-01 1.0000000e+00
0.0000000e+00 2.9225520e-01
1.0000000e+00 2.5095000e-03
2.3644940e-01 1.0000000e+00
1.0000000e+00 6.9550260e-01
1.0000000e+00 5.6676210e-01
1.4292740e-01 0.0000000e+00
0.0000000e+00 6.7089500e-02
4.8815190e-01 1.0000000e+00
0.0000000e+00 4.5238480e-01
7.2676810e-01 0.0000000e+00
1.0000000e+00 1.1650770e-01
7.4457870e-01 1.0000000e+00
2.5671010e-01 0.0000000e+00
1.0000000e+00 2.2069830e-01
0.0000000e+00 5.4968820e-01
1.6937970e-01 1.0000000e+00
4.2843820e-01 1.0000000e+00
1.0000000e+00 9.3977460e-01
0.0000000e+00 2.0867920e-01
1.0000000e+00 1.1492800e-01
8.9593820e-01 0.0000000e+00
5.5874830e-01 0.0000000e+00
0.0000000e+00 8.8220760e-01
2.0427690e-01 0.0000000e+00
1.0542380e-01 0.0000000e+00
1.0000000e+00 8.4639580e-01
1.0000000e+00 2.7403530e-01
9.4743900e-01 0.0000000e+00
8.6947200e-02 1.0000000e+00
6.2433570e-01 0.0000000e+00
1.0000000e+00 4.7084500e-01
3.9985720e-01 0.0000000e+00
1.0000000e+00 9.8411300e-01
0.0000000e+00 9.7080610e-01
8.1331870e-01 1.0000000e+00
9.5541680e-01 0.0000000e+00
5.9229740e-01 1.0000000e+00
4.9245800e-01 0.0000000e+00
5.9119930e-01 0.0000000e+00
0.0000000e+00 9.1053570e-01
1.0000000e+00 8.1864990e-01
9.1996180e-01 0.0000000e+00
5.6569000e-01 0.0000000e+00
0.0000000e+00 7.0699720e-01
0.0000000e+00 3.3691120e-01
4.9232640e-01 1.0000000e+00
0.0000000e+00 8.2760830e-01
8.2937850e-01 0.0000000e+00
0.0000000e+00 7.8808600e-01
