0.0000000e+00 0.0000000e+00
1.0000000e+00 0.0000000e+00
0.0000000e+00 1.0000000e+00
1.0000000e+00 1.0000000e+00
0.0000000e+00 1.0937540e-01
1.0000000e+00 1.3481120e-01
1.0000000e+00 6.3466910e-01
0.0000000e+00 2.1223870e-01
1.0000000e+00 5.0239700e-02
0.0000000e+00 7.3943850e-01
0.0000000e+00 8.4970800e-02
6.6402410e-01 0.0000000e+00
1.0000000e+00 6.8085890e-01
1.0000000e+00 5.1928020e-01
0.0000000e+00 3.5308220e-01
6.9928880e-01 1.0000000e+00
1.0000000e+00 3.6331400e-01
0.0000000e+00 1.8414880e-01
3.6184330e-01 0.0000000e+00
6.6934700e-01 1.0000000e+00
0.0000000e+00 9.1993670e-01
1.0000000e+00 2.6070120e-01
1.0000000e+00 5.1868470e-01
1.0000000e+00 1.6372850e-01
7.7876840e-01 0.0000000e+00
4.1441030e-01 1.0000000e+00
0.0000000e+00 2.2123490e-01
8.3005080e-01 1.0000000e+00
7.6832160e-01 1.0000000e+00
1.0000000e+00 1.4815460e-01
0.0000000e+00 7.2355300e-01
0.0000000e+00 7.4504400e-02
0.0000000e+00 6.4674570e-01
0.0000000e+00 6.0523270e-01
1.0000000e+00 3.5412210e-01
1.0000000e+00 8.8579140e-01
5.0597860e-01 0.0000000e+00
0.0000000e+00 6.3085860e-01
5.8503840e-01 1.0000000e+00
0.0000000e+00 8.2887360e-01
6.8144170e-01 1.0000000e+00
0.0000000e+00 8.6696920e-01
5.4551630e-01 0.0000000e+00
8.1596420e-01 0.0000000e+00
4.5610520e-01 1.0000000e+00
0.0000000e+00 3.3825630e-01
9.8172560e-01 0.0000000e+00
3.2348190e-01 1.0000000e+00
0.0000000e+00 2.4945560e-01
5.2964640e-01 0.0000000e+00
1.0000000e+00 7.1427420e-01
7.1433420e-01 1.0000000e+00
6.8280340e-01 0.0000000e+00
7.6906800e-01 1.0000000e+00
0.0000000e+00 5.6179180e-01
1.0000000e+00 8.0363000e-01
8.7622930e-01 1.0000000e+00
5.0406170e-01 0.0000000e+00
1.0064310e-01 0.0000000e+00
0.0000000e+00 7.6984230e-01
1.0000000e+00 6.7991780e-01
1.0000000e+00 9.4183690e-01
5.5748660e-01 1.0000000e+00
1.0000000e+00 8.6362380e-01
0.0000000e+00 7.2199950e-01
1.0000000e+00 2.2525380e-01
8.2875020e-01 0.0000000e+00
0.0000000e+00 3.4023230e-01
1.3503110e-01 0.0000000e+00
3.2019220e-01 1.0000000e+00
1.0000000e+00 5.2365250e-01
1.0000000e+00 8.9994780e-01
1.0000000e+00 7.4764130e-01
4.9001640e-01 1.0000000e+00
9.0489000e-02 0.0000000e+00
1.0000000e+00 1.2444180e-01
8.6230210e-01 1.0000000e+00
6.2787000e-01 1.0000000e+00
0.0000000e+00 4.4518260e-01
7.9936210e-01 1.0000000e+00
1.0000000e+00 5.4892000e-02
0.0000000e+00 5.4168000e-02
2.0801100e-01 1.0000000e+00
1.0000000e+00 7.1010600e-01
1.0000000e+00 2.2933330e-01
1.0000000e+00 9.3966770e-01
5.8604410e-01 0.0000000e+00
2.7789600e-01 1.0000000e+00
4.5715220e-01 0.0000000e+00
3.0165070e-01 0.0000000e+00
1.0000000e+00 1.7700200e-02
1.0000000e+00 5.4733060e-01
0.0000000e+00 8.2272880e-01
1.0000000e+00 9.6795070e-01
1.6018700e-01 1.0000000e+00
1.0000000e+00 6.8284690e-01
7.5142350e-01 0.0000000e+00
8.8187510e-01 1.0000000e+00
9.6448520e-01 1.0000000e+00
1.0000000e+00 9.1435990e-01
9.4128800e-01 1.0000000e+00
0.0000000e+00 3.6948860e-01
1.0000000e+00 5.4654900e-02
1.0000000e+00 4.1425040e-01
1.5958000e-03 1.0000000e+00
5.1106320e-01 1.0000000e+00
5.8978670e-01 1.0000000e+00
1.0000000e+00 4.1184900e-01
3.6847310e-01 1.0000000e+00
0.0000000e+00 8.7402500e-01
1.1040000e-02 1.0000000e+00
5.8573290e-01 1.0000000e+00
0.0000000e+00 1.7845630e-01
9.3084480e-01 0.0000000e+00
0.0000000e+00 7.8060480e-01
1.0000000e+00 3.8101100e-02
2.2376720e-01 0.0000000e+00
3.1093700e-01 1.0000000e+00
0.0000000e+00 7.6812340e-01
0.0000000e+00 7.8939700e-01
7.6413360e-01 1.0000000e+00
1.0000000e+00 9.4323450e-01
5.7729800e-01 0.0000000e+00
0.0000000e+00 2.2571300e-01
5.8488880e-01 1.0000000e+00
0.0000000e+00 7.9324810e-01
2.1945730e-01 1.0000000e+00
7.9106280e-01 0.0000000e+00
