0.0000000e+00 4.1890350e-01
3.3767530e-01 0.0000000e+00
0.0000000e+00 3.7500750e-01
9.3664290e-01 1.0000000e+00
8.5269150e-01 1.0000000e+00
1.0000000e+00 6.8788920e-01
1.0000000e+00 1.9282380e-01
2.5312430e-01 1.0000000e+00
0.0000000e+00 3.2203130e-01
1.0000000e+00 8.8351570e-01
1.0000000e+00 9.3083700e-02
0.0000000e+00 6.3945350e-01
1.0000000e+00 9.7878290e-01
1.0000000e+00 7.5782100e-01
0.0000000e+00 6.0327700e-01
6.0452800e-01 0.0000000e+00
3.4792100e-02 0.0000000e+00
0.0000000e+00 2.4174550e-01
8.5480000e-03 1.0000000e+00
1.6491500e-02 0.0000000e+00
1.0000000e+00 7.8589200e-01
0.0000000e+00 9.9912500e-02
0.0000000e+00 4.6350390e-01
0.0000000e+00 0.0000000e+00
5.5264900e-02 1.0000000e+00
7.2419290e-01 1.0000000e+00
8.5771920e-01 1.0000000e+00
5.3625570e-01 1.0000000e+00
1.0000000e+00 6.7988000e-02
0.0000000e+00 7.1603750e-01
2.9638380e-01 1.0000000e+00
0.0000000e+00 2.2703550e-01
6.1573510e-01 0.0000000e+00
4.0944960e-01 0.0000000e+00
8.9368950e-01 1.0000000e+00
0.0000000e+00 3.9754690e-01
0.0000000e+00 6.7398510e-01
1.0000000e+00 7.9883950e-01
1.0000000e+00 6.3085670e-01
9.8527700e-02 0.0000000e+00
0.0000000e+00 3.8028340e-01
8.8641840e-01 0.0000000e+00
7.0394440e-01 1.0000000e+00
8.5664490e-01 1.0000000e+00
3.6623540e-01 1.0000000e+00
1.0000000e+00 4.0043140e-01
0.0000000e+00 1.2767900e-01
8.6414500e-02 0.0000000e+00
0.0000000e+00 2.1891240e-01
7.5446490e-01 0.0000000e+00
1.3124040e-01 1.0000000e+00
4.6381400e-02 0.0000000e+00
3.8643040e-01 1.0000000e+00
0.0000000e+00 2.0436210e-01
1.0000000e+00 2.8278240e-01
5.9605410e-01 0.0000000e+00
5.6128720e-01 1.0000000e+00
8.0436830e-01 0.0000000e+00
6.6404270e-01 1.0000000e+00
8.0100290e-01 0.0000000e+00
9.3199070e-01 0.0000000e+00
6.9702710e-01 1.0000000e+00
1.0000000e+00 7.3689980e-01
1.1353190e-01 1.0000000e+00
0.0000000e+00 4.7786000e-01
9.3753420e-01 1.0000000e+00
0.0000000e+00 9.8279400e-02
0.0000000e+00 3.4103400e-01
0.0000000e+00 2.0891200e-02
1.0000000e+00 0.0000000e+00
7.9498100e-01 1.0000000e+00
0.0000000e+00 5.1041910e-01
0.0000000e+00 7.0764650e-01
1.0000000e+00 9.9347780e-01
6.6055680e-01 0.0000000e+00
0.0000000e+00 6.1779390e-01
7.0152800e-02 1.0000000e+00
8.5581430e-01 0.0000000e+00
1.0000000e+00 1.5601630e-01
1.0000000e+00 5.5126150e-01
1.0000000e+00 3.9280930e-01
8.3823800e-01 1.0000000e+00
1.0000000e+00 6.4747270e-01
6.1931530e-01 0.0000000e+00
1.0000000e+00 4.7286140e-01
1.0000000e+00 6.5003520e-01
1.9708630e-01 1.0000000e+00
0.0000000e+00 1.9069270e-01
0.0000000e+00 9.9700820e-01
6.9716300e-01 0.0000000e+00
1.0000000e+00 7.2242300e-02
0.0000000e+00 9.4631900e-02
6.5386350e-01 0.0000000e+00
0.0000000e+00 6.1119070e-01
1.0000000e+00 9.8237430e-01
4.1516500e-02 0.0000000e+00
1.0000000e+00 7.8603390e-01
3.3437620e-01 0.0000000e+00
0.0000000e+00 7.3238600e-01
1.0000000e+00 9.7200040e-01
5.1110910e-01 1.0000000e+00
2.3959410e-01 0.0000000e+00
5.5709960e-01 0.0000000e+00
0.0000000e+00 2.9369230e-01
5.6610190e-01 1.0000000e+00
1.0000000e+00 7.4616000e-03
2.3536140e-01 0.0000000e+00
0.0000000e+00 7.7448520e-01
1.0000000e+00 7.0385720e-01
5.7756780e-01 0.0000000e+00
0.0000000e+00 1.0000000e+00
1.4166470e-01 0.0000000e+00
9.8904310e-01 0.0000000e+00
1.0000000e+00 7.1099960e-01
1.0000000e+00 5.6596000e-02
1.0000000e+00 3.2494890e-01
0.0000000e+00 3.7548800e-01
3.6955130e-01 0.0000000e+00
5.3339510e-01 0.0000000e+00
6.1956400e-02 1.0000000e+00
2.8311630e-01 1.0000000e+00
7.3230160e-01 1.0000000e+00
1.0000000e+00 1.0000000e+00
1.0000000e+00 6.7705300e-02
4.6294930e-01 0.0000000e+00
0.0000000e+00 9.0171800e-02
0.0000000e+00 3.2872880e-01
1.0000000e+00 8.2420000e-02
