0.0000000e+00 0.0000000e+00
1.0000000e+00 0.0000000e+00
0.0000000e+00 1.0000000e+00
1.0000000e+00 1.0000000e+00
7.7400420e-01 1.0000000e+00
5.2586890e-01 1.0000000e+00
9.6576980e-01 0.0000000e+00
1.4912300e-01 0.0000000e+00
3.6109080e-01 1.0000000e+00
1.0000000e+00 3.9078580e-01
5.4819770e-01 0.0000000e+00
9.5997790e-01 0.0000000e+00
6.4093310e-01 0.0000000e+00
1.0000000e+00 5.8726780e-01
9.7036200e-01 1.0000000e+00
8.0972260e-01 1.0000000e+00
1.0000000e+00 8.3517650e-01
6.8042910e-01 1.0000000e+00
1.0000000e+00 5.6990710e-01
8.0795640e-01 1.0000000e+00
3.1495120e-01 1.0000000e+00
1.0000000e+00 8.9538490e-01
8.1914900e-01 1.0000000e+00
5.5910600e-01 0.0000000e+00
1.0000000e+00 3.2355260e-01
1.0000000e+00 2.2908440e-01
7.0398290e-01 1.0000000e+00
6.5735500e-01 1.0000000e+00
0.0000000e+00 1.4600780e-01
1.0000000e+00 6.8169760e-01
2.6196530e-01 1.0000000e+00
0.0000000e+00 1.7670000e-04
6.0723300e-02 1.0000000e+00
0.0000000e+00 2.5723450e-01
4.6561500e-01 0.0000000e+00
5.4997340e-01 0.0000000e+00
4.6058050e-01 0.0000000e+00
4.3706630e-01 0.0000000e+00
8.8316700e-01 0.0000000e+00
8.3475250e-01 0.0000000e+00
1.0000000e+00 2.5500550e-01
1.0000000e+00 4.5355980e-01
1.0000000e+00 4.7985560e-01
0.0000000e+00 4.6434620e-01
0.0000000e+00 9.9113090e-01
5.1745840e-01 0.0000000e+00
1.0000000e+00 2.2010000e-03
1.0000000e+00 1.3347490e-01
0.0000000e+00 7.9252470e-01
5.0869200e-02 1.0000000e+00
1.0000000e+00 4.2534520e-01
3.0271210e-01 1.0000000e+00
1.0000000e+00 1.4411400e-02
2.4573600e-01 0.0000000e+00
3.9326110e-01 1.0000000e+00
0.0000000e+00 2.1636020e-01
1.0000000e+00 9.0511070e-01
0.0000000e+00 3.0512780e-01
2.1964690e-01 0.0000000e+00
0.0000000e+00 2.8599840e-01
8.1093690e-01 0.0000000e+00
5.7659390e-01 0.0000000e+00
0.0000000e+00 9.3856370e-01
1.0000000e+00 4.9148000e-03
6.6189000e-03 0.0000000e+00
7.3961870e-01 1.0000000e+00
9.7865660e-01 1.0000000e+00
7.2922240e-01 0.0000000e+00
3.1369580e-01 1.0000000e+00
6.0694290e-01 0.0000000e+00
6.0166710e-01 1.0000000e+00
0.0000000e+00 5.1433430e-01
1.3440940e-01 0.0000000e+00
1.5213880e-01 1.0000000e+00
5.0293770e-01 1.0000000e+00
6.0172350e-01 0.0000000e+00
1.0000000e+00 4.8978260e-01
3.4836460e-01 1.0000000e+00
1.0000000e+00 5.2582770e-01
1.0000000e+00 8.1798770e-01
8.0289570e-01 1.0000000e+00
1.0000000e+00 3.9625290e-01
4.3436620e-01 0.0000000e+00
1.0000000e+00 6.9037810e-01
8.5960720e-01 0.0000000e+00
1.0000000e+00 2.5924800e-02
0.0000000e+00 7.9744540e-01
7.4614570e-01 0.0000000e+00
0.0000000e+00 3.7206590e-01
9.0969360e-01 0.0000000e+00
0.0000000e+00 7.4087950e-01
4.5993530e-01 1.0000000e+00
9.6185540e-01 0.0000000e+00
4.2210550e-01 1.0000000e+00
0.0000000e+00 2.1121240e-01
0.0000000e+00 2.8279860e-01
1.4216390e-01 0.0000000e+00
0.0000000e+00 7.1968500e-02
0.0000000e+00 3.9073300e-02
1.1308660e-01 1.0000000e+00
1.0000000e+00 8.1276900e-02
1.0000000e+00 1.1238340e-01
3.3130680e-01 1.0000000e+00
1.2846130e-01 1.0000000e+00
1.0000000e+00 2.5873410e-01
2.8223950e-01 1.0000000e+00
9.0358250e-01 1.0000000e+00
1.0000000e+00 4.4943950e-01
4.0296280e-01 1.0000000e+00
1.5121490e-01 0.0000000e+00
9.4637770e-01 0.0000000e+00
4.7206620e-01 0.0000000e+00
2.0896870e-01 0.0000000e+00
7.4410440e-01 1.0000000e+00
1.0000000e+00 1.6618470e-01
9.1062900e-01 0.0000000e+00
4.8498620e-01 0.0000000e+00
1.0000000e+00 3.2743530e-01
9.2738100e-01 1.0000000e+00
3.1399980e-01 1.0000000e+00
1.0000000e+00 2.7837260e-01
0.0000000e+00 4.2623650e-01
2.1371470e-01 0.0000000e+00
8.0098160e-01 0.0000000e+00
2.7747920e-01 1.0000000e+00
5.9175800e-01 0.0000000e+00
4.6924490e-01 1.0000000e+00
6.2404200e-01 0.0000000e+00
