0.0000000e+00 0.0000000e+00
1.0000000e+00 0.0000000e+00
0.0000000e+00 1.0000000e+00
1.0000000e+00 1.0000000e+00
4.1832990e-01 1.0000000e+00
5.3271000e-01 1.0000000e+00
9.1040370e-01 1.0000000e+00
7.5448010e-01 1.0000000e+00
1.1045020e-01 1.0000000e+00
9.6004490e-01 0.0000000e+00
0.0000000e+00 5.6817410e-01
0.0000000e+00 2.8646920e-01
4.1235240e-01 0.0000000e+00
7.1907770e-01 1.0000000e+00
6.9566520e-01 1.0000000e+00
2.3699310e-01 0.0000000e+00
0.0000000e+00 9.6420960e-01
0.0000000e+00 2.8638830e-01
1.0000000e+00 8.0229490e-01
0.0000000e+00 5.4623730e-01
5.2112170e-01 1.0000000e+00
3.6242940e-01 0.0000000e+00
4.1313020e-01 1.0000000e+00
0.0000000e+00 8.5344150e-01
0.0000000e+00 3.6997000e-03
1.0000000e+00 6.2938060e-01
0.0000000e+00 7.7655310e-01
3.4345280e-01 1.0000000e+00
0.0000000e+00 9.5266480e-01
4.6011960e-01 0.0000000e+00
0.0000000e+00 6.9519900e-01
1.0000000e+00 2.2267450e-01
8.4278560e-01 1.0000000e+00
1.0500590e-01 1.0000000e+00
1.0000000e+00 8.6638890e-01
0.0000000e+00 3.1598680e-01
3.9227120e-01 0.0000000e+00
6.5111360e-01 0.0000000e+00
0.0000000e+00 1.3387950e-01
0.0000000e+00 1.1765540e-01
0.0000000e+00 3.5611000e-01
8.5313030e-01 1.0000000e+00
1.0000000e+00 4.8308810e-01
8.3846500e-01 0.0000000e+00
1.0000000e+00 3.7734780e-01
0.0000000e+00 5.3159830e-01
6.3119080e-01 1.0000000e+00
5.0665960e-01 1.0000000e+00
1.5947720e-01 0.0000000e+00
9.8851620e-01 0.0000000e+00
3.5030500e-02 1.0000000e+00
1.0000000e+00 2.4140460e-01
1.7266340e-01 0.0000000e+00
7.5392950e-01 1.0000000e+00
4.3852750e-01 1.0000000e+00
0.0000000e+00 1.9409160e-01
4.8593500e-01 0.0000000e+00
1.3350670e-01 0.0000000e+00
2.2164310e-01 0.0000000e+00
6.5334830e-01 1.0000000e+00
6.0923520e-01 0.0000000e+00
1.0000000e+00 6.5313430e-01
1.0000000e+00 2.8460580e-01
8.0141820e-01 0.0000000e+00
1.0000000e+00 9.8382720e-01
7.1349080e-01 1.0000000e+00
8.4094300e-01 0.0000000e+00
2.0454670e-01 1.0000000e+00
9.9189370e-01 0.0000000e+00
7.2640770e-01 0.0000000e+00
7.5789520e-01 1.0000000e+00
1.6854740e-01 1.0000000e+00
0.0000000e+00 1.5401760e-01
0.0000000e+00 6.5736980e-01
1.0000000e+00 7.4989430e-01
6.2699620e-01 0.0000000e+00
6.1685710e-01 0.0000000e+00
1.0000000e+00 5.7372090e-01
1.0000000e+00 7.9400790e-01
1.0000000e+00 8.0723960e-01
4.3666000e-03 0.0000000e+00
1.0000000e+00 3.7973660e-01
9.2059690e-01 0.0000000e+00
1.0000000e+00 8.9078650e-01
3.1213890e-01 1.0000000e+00
0.0000000e+00 2.8333120e-01
9.4121180e-01 1.0000000e+00
0.0000000e+00 3.2660300e-02
0.0000000e+00 7.1593070e-01
1.0000000e+00 4.9493050e-01
0.0000000e+00 6.4967230e-01
7.0705300e-02 1.0000000e+00
0.0000000e+00 7.8937220e-01
0.0000000e+00 4.1484500e-01
0.0000000e+00 4.2564160e-01
0.0000000e+00 7.1147280e-01
5.0280710e-01 0.0000000e+00
1.0000000e+00 4.6709110e-01
5.8448030e-01 0.0000000e+00
2.8242780e-01 0.0000000e+00
2.7219830e-01 0.0000000e+00
0.0000000e+00 1.2593450e-01
0.0000000e+00 9.6933560e-01
1.6882140e-01 0.0000000e+00
0.0000000e+00 5.6482490e-01
1.0000000e+00 6.4439330e-01
3.1034490e-01 1.0000000e+00
1.0000000e+00 5.4676830e-01
8.4156430e-01 0.0000000e+00
9.0650200e-02 0.0000000e+00
5.0085460e-01 0.0000000e+00
2.3185340e-01 0.0000000e+00
0.0000000e+00 6.2698100e-02
4.4987080e-01 0.0000000e+00
0.0000000e+00 2.1532890e-01
1.0000000e+00 7.3833980e-01
7.7347520e-01 1.0000000e+00
5.9228900e-02 0.0000000e+00
1.0000000e+00 5.2239780e-01
1.0000000e+00 3.2559330e-01
1.0000000e+00 2.3952450e-01
0.0000000e+00 2.0086820e-01
9.2986830e-01 1.0000000e+00
1.0000000e+00 3.7759690e-01
1.0000000e+00 2.4073230e-01
0.0000000e+00 7.8658280e-01
1.0000000e+00 1.3110470e-01
1.1675970e-01 0.0000000e+00
