1.0000000e+00 9.9572580e-01
1.0000000e+00 2.3193610e-01
9.9693910e-01 1.0000000e+00
1.8017220e-01 0.0000000e+00
0.0000000e+00 4.6914590e-01
8.1293100e-02 0.0000000e+00
1.0000000e+00 1.7337900e-02
9.3901880e-01 0.0000000e+00
1.0000000e+00 7.5937890e-01
5.9956870e-01 0.0000000e+00
5.3254600e-02 0.0000000e+00
0.0000000e+00 3.5478900e-01
2.9371560e-01 0.0000000e+00
1.0000000e+00 4.0150890e-01
0.0000000e+00 5.9595560e-01
8.1719350e-01 1.0000000e+00
9.4132410e-01 0.0000000e+00
0.0000000e+00 4.1625570e-01
1.0000000e+00 5.8189630e-01
0.0000000e+00 1.1029370e-01
2.8262840e-01 1.0000000e+00
6.9701900e-02 1.0000000e+00
0.0000000e+00 2.8481470e-01
2.2784600e-01 0.0000000e+00
9.2581890e-01 0.0000000e+00
0.0000000e+00 3.8546400e-01
7.9314790e-01 0.0000000e+00
3.3259650e-01 1.0000000e+00
6.6368400e-02 0.0000000e+00
0.0000000e+00 5.0761050e-01
1.5391300e-02 0.0000000e+00
1.0000000e+00 8.8231400e-01
6.0418200e-02 0.0000000e+00
1.0000000e+00 8.2451380e-01
3.5365010e-01 0.0000000e+00
7.8920690e-01 1.0000000e+00
1.0000000e+00 5.8306380e-01
8.7545000e-01 0.0000000e+00
1.4209670e-01 0.0000000e+00
0.0000000e+00 2.1001930e-01
3.1583760e-01 1.0000000e+00
1.0000000e+00 7.2648180e-01
6.7575830e-01 0.0000000e+00
0.0000000e+00 8.3778230e-01
6.3671040e-01 1.0000000e+00
1.0000000e+00 7.1997730e-01
1.0000000e+00 7.3617550e-01
0.0000000e+00 7.6100190e-01
0.0000000e+00 2.5246780e-01
0.0000000e+00 0.0000000e+00
1.0000000e+00 2.9598920e-01
3.1398400e-02 0.0000000e+00
1.0000000e+00 9.3382250e-01
1.0000000e+00 3.3894000e-03
0.0000000e+00 6.1942610e-01
1.4435220e-01 1.0000000e+00
9.7248730e-01 0.0000000e+00
0.0000000e+00 8.7975700e-02
0.0000000e+00 2.1571420e-01
0.0000000e+00 5.9438500e-01
0.0000000e+00 5.6206410e-01
0.0000000e+00 8.1910540e-01
0.0000000e+00 6.2378030e-01
1.0000000e+00 3.6509440e-01
3.4755740e-01 1.0000000e+00
8.4287110e-01 1.0000000e+00
9.6901060e-01 1.0000000e+00
5.3177780e-01 0.0000000e+00
1.7777300e-02 1.0000000e+00
1.0000000e+00 1.2036200e-01
7.8912960e-01 1.0000000e+00
7.3982520e-01 0.0000000e+00
0.0000000e+00 5.8846180e-01
1.0000000e+00 8.3815560e-01
1.0000000e+00 1.2954330e-01
1.0000000e+00 1.7584760e-01
3.5787270e-01 0.0000000e+00
0.0000000e+00 8.9402450e-01
8.4435300e-02 0.0000000e+00
2.3238610e-01 1.0000000e+00
0.0000000e+00 9.5058200e-02
1.0000000e+00 6.5115100e-02
0.0000000e+00 6.0481340e-01
1.7925900e-01 0.0000000e+00
9.2036920e-01 1.0000000e+00
5.4732740e-01 1.0000000e+00
6.5496070e-01 0.0000000e+00
0.0000000e+00 7.7846440e-01
0.0000000e+00 4.9022870e-01
6.7852250e-01 0.0000000e+00
3.9527930e-01 0.0000000e+00
4.8295300e-01 0.0000000e+00
9.1228200e-01 1.0000000e+00
6.0315100e-01 0.0000000e+00
0.0000000e+00 5.4168880e-01
6.2899420e-01 1.0000000e+00
1.0000000e+00 8.6270400e-01
1.0000000e+00 9.6848220e-01
1.0000000e+00 4.2814270e-01
7.8505760e-01 0.0000000e+00
0.0000000e+00 3.0419840e-01
9.3184340e-01 0.0000000e+00
6.6795820e-01 1.0000000e+00
0.0000000e+00 9.8108220e-01
9.1767360e-01 1.0000000e+00
6.6317690e-01 1.0000000e+00
4.4201690e-01 0.0000000e+00
0.0000000e+00 3.6625070e-01
1.0000000e+00 4.0443100e-02
1.0000000e+00 2.5746390e-01
2.4807500e-01 1.0000000e+00
7.1118190e-01 1.0000000e+00
1.0000000e+00 2.9123400e-02
0.0000000e+00 1.1390010e-01
1.0000000e+00 9.9610710e-01
5.7992630e-01 0.0000000e+00
1.0000000e+00 5.8832110e-01
1.0000000e+00 4.0471310e-01
0.0000000e+00 3.4666180e-01
0.0000000e+00 6.1128080e-01
0.0000000e+00 6.0858230e-01
0.0000000e+00 4.3273160e-01
1.0000000e+00 8.6247050e-01
4.4432150e-01 1.0000000e+00
0.0000000e+00 2.3181150e-01
1.0000000e+00 9.0716700e-02
0.0000000e+00 4.8797060e-01
5.3793600e-02 1.0000000e+00
0.0000000e+00 9.3117660e-01
6.7050810e-01 1.0000000e+00
1.0000000e+00 9.2082600e-02
5.2403200e-02 0.0000000e+00
5.0310850e-01 0.0000000e+00
1.0000000e+00 4.5241970e-01
3.3563280e-01 1.0000000e+00
1.0000000e+00 3.3811570e-01
0.0000000e+00 8.6089900e-02
0.0000000e+00 2.2416730e-01
8.8486310e-01 1.0000000e+00
0.0000000e+00 6.4123320e-01
1.0000000e+00 0.0000000e+00
9.2307190e-01 1.0000000e+00
1.0000000e+00 1.6878400e-01
0.0000000e+00 1.5584930e-01
1.0000000e+00 7.8918510e-01
4.4297730e-01 1.0000000e+00
0.0000000e+00 1.5337860e-01
1.0971890e-01 0.0000000e+00
8.9925870e-01 1.0000000e+00
1.0000000e+00 5.3462010e-01
0.0000000e+00 2.9017220e-01
0.0000000e+00 1.7085650e-01
6.3242820e-01 1.0000000e+00
9.2969200e-02 1.0000000e+00
0.0000000e+00 7.6967600e-02
3.9431640e-01 1.0000000e+00
9.6496960e-01 1.0000000e+00
8.4302170e-01 1.0000000e+00
6.5660930e-01 1.0000000e+00
1.3760780e-01 0.0000000e+00
0.0000000e+00 2.5649450e-01
3.9761020e-01 1.0000000e+00
7.3475880e-01 0.0000000e+00
1.0000000e+00 3.5072750e-01
4.2365730e-01 0.0000000e+00
4.4204080e-01 0.0000000e+00
3.4417790e-01 0.0000000e+00
8.4077260e-01 1.0000000e+00
1.0000000e+00 6.7400680e-01
6.5493770e-01 1.0000000e+00
0.0000000e+00 9.2539160e-01
9.5550000e-01 0.0000000e+00
0.0000000e+00 5.8899150e-01
1.0000000e+00 1.5940790e-01
9.3104600e-01 0.0000000e+00
4.0137960e-01 0.0000000e+00
7.1039500e-02 0.0000000e+00
0.0000000e+00 9.7612740e-01
4.7943630e-01 1.0000000e+00
9.3246000e-02 0.0000000e+00
1.0000000e+00 3.2232000e-03
1.6048000e-03 1.0000000e+00
6.6506640e-01 1.0000000e+00
9.9066620e-01 0.0000000e+00
0.0000000e+00 7.5328700e-01
1.0000000e+00 7.1806020e-01
7.2504460e-01 0.0000000e+00
3.8983910e-01 1.0000000e+00
1.0000000e+00 5.7771280e-01
6.8808520e-01 0.0000000e+00
1.0000000e+00 6.9905150e-01
6.2713990e-01 1.0000000e+00
1.0000000e+00 8.6083720e-01
6.9195930e-01 0.0000000e+00
0.0000000e+00 2.0060600e-01
1.6632520e-01 0.0000000e+00
7.0598030e-01 1.0000000e+00
9.0420560e-01 1.0000000e+00
6.9880600e-01 1.0000000e+00
7.7765620e-01 0.0000000e+00
0.0000000e+00 9.0420760e-01
1.0000000e+00 9.0034600e-01
8.6888790e-01 0.0000000e+00
7.4942020e-01 1.0000000e+00
0.0000000e+00 4.5431400e-02
0.0000000e+00 8.3176100e-01
0.0000000e+00 1.8464370e-01
3.7421020e-01 1.0000000e+00
1.0000000e+00 4.5992760e-01
9.0084180e-01 0.0000000e+00
1.0000000e+00 2.0184600e-02
1.0000000e+00 5.2006190e-01
6.6601500e-02 0.0000000e+00
0.0000000e+00 7.3479970e-01
1.0721940e-01 1.0000000e+00
4.0550790e-01 0.0000000e+00
0.0000000e+00 5.7607300e-02
0.0000000e+00 6.9601770e-01
0.0000000e+00 5.7123080e-01
0.0000000e+00 1.0000000e+00
1.0000000e+00 5.7009500e-02
1.6818710e-01 0.0000000e+00
4.4527000e-02 1.0000000e+00
4.8812450e-01 0.0000000e+00
1.0000000e+00 1.0530760e-01
9.3005600e-01 0.0000000e+00
0.0000000e+00 6.6621340e-01
4.8508670e-01 1.0000000e+00
7.6150200e-02 0.0000000e+00
7.3544940e-01 1.0000000e+00
4.9920390e-01 1.0000000e+00
0.0000000e+00 5.5285590e-01
1.0000000e+00 7.1458010e-01
6.0229430e-01 0.0000000e+00
3.7378800e-02 0.0000000e+00
8.7683150e-01 1.0000000e+00
0.0000000e+00 3.4704150e-01
2.4429280e-01 0.0000000e+00
0.0000000e+00 8.7047900e-01
1.0000000e+00 1.7822700e-02
1.0000000e+00 1.2885140e-01
1.0000000e+00 1.0000000e+00
1.6068550e-01 0.0000000e+00
0.0000000e+00 7.4401310e-01
3.8426690e-01 1.0000000e+00
0.0000000e+00 9.7488450e-01
1.0000000e+00 7.5740750e-01
0.0000000e+00 7.5745470e-01
0.0000000e+00 4.6094370e-01
1.0000000e+00 1.6314510e-01
8.0978330e-01 0.0000000e+00
4.0859510e-01 0.0000000e+00
4.8000730e-01 0.0000000e+00
0.0000000e+00 4.4477800e-01
1.0000000e+00 1.9174230e-01
0.0000000e+00 1.4942950e-01
