3.1311410e-01 1.0000000e+00
1.0000000e+00 1.4826880e-01
0.0000000e+00 5.6579260e-01
1.0000000e+00 4.1332910e-01
9.3534710e-01 1.0000000e+00
1.0000000e+00 3.1210330e-01
2.3742570e-01 0.0000000e+00
4.0020930e-01 0.0000000e+00
0.0000000e+00 6.1552940e-01
7.8215330e-01 1.0000000e+00
8.4339060e-01 0.0000000e+00
3.2113110e-01 1.0000000e+00
0.0000000e+00 8.6239270e-01
1.0586210e-01 0.0000000e+00
8.0183030e-01 0.0000000e+00
1.0000000e+00 0.0000000e+00
1.4481230e-01 0.0000000e+00
8.9685370e-01 0.0000000e+00
1.0000000e+00 2.8069750e-01
5.6483800e-01 1.0000000e+00
8.4305390e-01 0.0000000e+00
8.5567120e-01 1.0000000e+00
0.0000000e+00 1.9451990e-01
1.0000000e+00 8.7690210e-01
8.7650680e-01 0.0000000e+00
2.5996450e-01 1.0000000e+00
1.0000000e+00 5.3718920e-01
0.0000000e+00 7.2746260e-01
1.0000000e+00 8.4942650e-01
1.0000000e+00 9.7119720e-01
9.8361810e-01 0.0000000e+00
1.0000000e+00 3.5577990e-01
0.0000000e+00 1.0000000e+00
1.0000000e+00 5.1240610e-01
7.9553410e-01 0.0000000e+00
0.0000000e+00 8.5598090e-01
5.1847600e-02 1.0000000e+00
4.2784610e-01 0.0000000e+00
0.0000000e+00 5.5352540e-01
9.5640900e-01 0.0000000e+00
1.0000000e+00 5.4479280e-01
1.0000000e+00 9.4631760e-01
8.5693960e-01 0.0000000e+00
1.0000000e+00 1.2236560e-01
0.0000000e+00 9.7530140e-01
9.5598290e-01 1.0000000e+00
1.0000000e+00 6.1987970e-01
0.0000000e+00 0.0000000e+00
5.2920440e-01 0.0000000e+00
1.0000000e+00 5.3615600e-01
1.0000000e+00 1.0000000e+00
2.7777300e-02 0.0000000e+00
0.0000000e+00 3.4653510e-01
0.0000000e+00 6.2965300e-02
1.2443660e-01 0.0000000e+00
2.6904870e-01 1.0000000e+00
1.0000000e+00 7.5630000e-04
5.1764980e-01 0.0000000e+00
0.0000000e+00 8.1996340e-01
4.0786370e-01 0.0000000e+00
5.9898700e-01 0.0000000e+00
0.0000000e+00 5.5612390e-01
2.9470630e-01 0.0000000e+00
5.8879360e-01 0.0000000e+00
