1.0000000e+00 8.2875800e-02
3.0556270e-01 1.0000000e+00
7.1863380e-01 0.0000000e+00
9.8059000e-01 0.0000000e+00
1.0000000e+00 9.0546450e-01
2.5821600e-01 1.0000000e+00
4.0414720e-01 1.0000000e+00
6.6111200e-01 1.0000000e+00
4.3016460e-01 0.0000000e+00
0.0000000e+00 5.2124530e-01
4.2411200e-01 0.0000000e+00
0.0000000e+00 8.4537500e-02
1.0000000e+00 3.3089710e-01
9.8999750e-01 0.0000000e+00
0.0000000e+00 9.7704980e-01
0.0000000e+00 3.6062420e-01
1.0000000e+00 3.8958160e-01
1.0000000e+00 9.0985800e-02
0.0000000e+00 7.2810440e-01
4.1960040e-01 0.0000000e+00
2.9789460e-01 1.0000000e+00
1.0607800e-01 0.0000000e+00
7.7919440e-01 0.0000000e+00
0.0000000e+00 1.8348950e-01
3.8650590e-01 0.0000000e+00
0.0000000e+00 6.3891800e-01
0.0000000e+00 8.5193490e-01
4.9754890e-01 0.0000000e+00
9.2917120e-01 1.0000000e+00
0.0000000e+00 9.7543530e-01
4.3535070e-01 1.0000000e+00
1.0000000e+00 9.7340000e-04
8.9382180e-01 1.0000000e+00
7.0092140e-01 0.0000000e+00
8.6559910e-01 0.0000000e+00
4.9666650e-01 0.0000000e+00
4.2552610e-01 0.0000000e+00
1.8256970e-01 1.0000000e+00
7.2695370e-01 0.0000000e+00
0.0000000e+00 5.8752350e-01
2.0652790e-01 0.0000000e+00
5.6552890e-01 0.0000000e+00
1.0000000e+00 8.8156910e-01
0.0000000e+00 2.9893560e-01
0.0000000e+00 0.0000000e+00
6.6519650e-01 0.0000000e+00
5.7082160e-01 1.0000000e+00
1.0000000e+00 3.7853900e-02
1.0000000e+00 7.4070000e-01
0.0000000e+00 2.6316650e-01
1.0000000e+00 8.8711990e-01
3.0072260e-01 1.0000000e+00
1.0000000e+00 9.7283230e-01
7.7681510e-01 1.0000000e+00
0.0000000e+00 7.1644510e-01
2.3225910e-01 1.0000000e+00
0.0000000e+00 6.9804470e-01
6.8267620e-01 1.0000000e+00
0.0000000e+00 8.7793830e-01
1.0000000e+00 8.5582670e-01
0.0000000e+00 1.6013520e-01
6.5345360e-01 0.0000000e+00
1.0462930e-01 1.0000000e+00
7.7397950e-01 1.0000000e+00
1.7981940e-01 1.0000000e+00
1.0000000e+00 5.8267220e-01
7.2002190e-01 1.0000000e+00
4.7329650e-01 0.0000000e+00
3.7755420e-01 1.0000000e+00
0.0000000e+00 3.2835120e-01
1.0000000e+00 3.6715360e-01
9.6263820e-01 0.0000000e+00
0.0000000e+00 1.9547650e-01
5.1123840e-01 0.0000000e+00
7.6461990e-01 1.0000000e+00
1.0000000e+00 1.3877980e-01
0.0000000e+00 3.1342200e-01
2.3441830e-01 1.0000000e+00
1.0000000e+00 8.0970800e-02
0.0000000e+00 5.5320350e-01
9.8112720e-01 0.0000000e+00
0.0000000e+00 7.4870740e-01
1.0000000e+00 5.9654920e-01
0.0000000e+00 7.2307040e-01
1.3400070e-01 0.0000000e+00
1.0000000e+00 8.4559570e-01
0.0000000e+00 5.4266400e-01
1.0000000e+00 9.7286260e-01
0.0000000e+00 7.9172910e-01
9.6966070e-01 1.0000000e+00
1.0000000e+00 4.2213470e-01
0.0000000e+00 7.6136130e-01
3.8643420e-01 0.0000000e+00
4.9528300e-02 0.0000000e+00
2.1220660e-01 0.0000000e+00
1.0000000e+00 1.0496300e-02
4.6508630e-01 0.0000000e+00
1.0000000e+00 1.7608870e-01
1.0000000e+00 5.0774170e-01
7.0296510e-01 0.0000000e+00
5.7430070e-01 0.0000000e+00
1.6794430e-01 1.0000000e+00
1.0000000e+00 9.9242820e-01
1.0000000e+00 7.7097970e-01
9.2005670e-01 0.0000000e+00
0.0000000e+00 3.0417670e-01
0.0000000e+00 9.5355200e-02
3.7170000e-01 1.0000000e+00
3.8796260e-01 0.0000000e+00
8.6554660e-01 1.0000000e+00
1.0000000e+00 6.5051480e-01
1.0000000e+00 2.8524900e-01
1.9797500e-02 0.0000000e+00
1.0000000e+00 3.3537810e-01
7.9703040e-01 0.0000000e+00
8.0060420e-01 0.0000000e+00
3.8113520e-01 0.0000000e+00
0.0000000e+00 4.7275100e-02
4.6667240e-01 1.0000000e+00
7.5459830e-01 1.0000000e+00
7.5932390e-01 1.0000000e+00
0.0000000e+00 2.5996370e-01
2.0270820e-01 0.0000000e+00
2.1093690e-01 0.0000000e+00
1.0000000e+00 9.9275530e-01
0.0000000e+00 9.9094550e-01
1.7308350e-01 0.0000000e+00
1.0000000e+00 7.1321660e-01
1.0000000e+00 9.9815230e-01
4.6530460e-01 0.0000000e+00
2.2550340e-01 1.0000000e+00
1.0000000e+00 5.2538700e-02
7.0700290e-01 1.0000000e+00
1.0000000e+00 8.6096890e-01
1.0000000e+00 9.0029970e-01
2.1026580e-01 1.0000000e+00
0.0000000e+00 3.2276120e-01
8.7093440e-01 1.0000000e+00
0.0000000e+00 3.9827950e-01
1.0000000e+00 1.9626690e-01
1.0000000e+00 1.3806920e-01
1.0000000e+00 6.0147800e-02
7.1122820e-01 1.0000000e+00
0.0000000e+00 6.0353750e-01
5.7440070e-01 1.0000000e+00
0.0000000e+00 3.8534870e-01
6.2662920e-01 1.0000000e+00
2.0587300e-02 0.0000000e+00
0.0000000e+00 7.2550850e-01
2.9666570e-01 1.0000000e+00
8.1087240e-01 0.0000000e+00
6.4810530e-01 1.0000000e+00
2.4015020e-01 0.0000000e+00
8.3734540e-01 0.0000000e+00
1.5557570e-01 0.0000000e+00
7.5420500e-01 1.0000000e+00
1.0000000e+00 7.9350960e-01
2.5696560e-01 0.0000000e+00
1.0000000e+00 7.4568110e-01
9.2551000e-03 0.0000000e+00
0.0000000e+00 2.9771030e-01
2.4776900e-01 1.0000000e+00
0.0000000e+00 6.3733350e-01
1.0000000e+00 6.3653680e-01
0.0000000e+00 1.2105770e-01
4.0523040e-01 0.0000000e+00
5.9745670e-01 1.0000000e+00
8.5912140e-01 0.0000000e+00
1.0000000e+00 5.3320080e-01
9.0094140e-01 1.0000000e+00
3.7874390e-01 1.0000000e+00
1.0000000e+00 4.8008570e-01
0.0000000e+00 1.5865000e-02
8.8800730e-01 0.0000000e+00
1.0000000e+00 9.4731170e-01
4.9530960e-01 1.0000000e+00
0.0000000e+00 6.5453630e-01
0.0000000e+00 4.6940840e-01
7.2960000e-01 0.0000000e+00
7.2681730e-01 0.0000000e+00
1.0000000e+00 4.3242030e-01
0.0000000e+00 4.7576450e-01
4.9091340e-01 0.0000000e+00
9.1029950e-01 1.0000000e+00
8.3226810e-01 0.0000000e+00
0.0000000e+00 5.5899380e-01
5.0111530e-01 1.0000000e+00
6.5448130e-01 1.0000000e+00
1.0000000e+00 8.5607400e-01
9.1549660e-01 0.0000000e+00
1.0000000e+00 7.5688340e-01
1.0000000e+00 1.5347900e-02
2.9371630e-01 1.0000000e+00
9.4465770e-01 1.0000000e+00
0.0000000e+00 4.8904140e-01
0.0000000e+00 1.7957020e-01
7.9700550e-01 1.0000000e+00
1.0000000e+00 7.5272850e-01
1.0000000e+00 1.1700760e-01
8.9286150e-01 1.0000000e+00
4.6122600e-01 1.0000000e+00
1.0000000e+00 4.5636180e-01
7.9812000e-02 0.0000000e+00
6.6018520e-01 0.0000000e+00
2.3957690e-01 1.0000000e+00
0.0000000e+00 9.5529490e-01
0.0000000e+00 6.2544910e-01
0.0000000e+00 9.0999640e-01
3.2507040e-01 0.0000000e+00
1.0000000e+00 2.7428300e-01
0.0000000e+00 7.8225040e-01
0.0000000e+00 3.5799380e-01
0.0000000e+00 5.4759760e-01
8.4013580e-01 0.0000000e+00
1.0000000e+00 5.8196170e-01
1.0000000e+00 4.7280230e-01
1.0000000e+00 6.3022700e-01
0.0000000e+00 4.5049740e-01
3.3212160e-01 1.0000000e+00
7.7580110e-01 1.0000000e+00
1.0000000e+00 4.0540000e-04
1.7773490e-01 0.0000000e+00
1.0000000e+00 2.2831670e-01
1.0000000e+00 1.9397030e-01
8.5198090e-01 1.0000000e+00
1.0000000e+00 1.1383990e-01
0.0000000e+00 6.2992200e-01
1.0000000e+00 5.3913230e-01
7.5048480e-01 0.0000000e+00
3.1009320e-01 1.0000000e+00
6.8459440e-01 0.0000000e+00
5.2752440e-01 0.0000000e+00
1.0000000e+00 4.9968660e-01
3.0824900e-02 0.0000000e+00
6.2250920e-01 0.0000000e+00
9.9604040e-01 1.0000000e+00
0.0000000e+00 3.8511810e-01
8.9760500e-01 1.0000000e+00
3.5524200e-01 0.0000000e+00
1.0000000e+00 9.0568300e-01
1.0000000e+00 7.6493900e-02
8.2804170e-01 0.0000000e+00
1.4467840e-01 0.0000000e+00
1.0000000e+00 5.4233500e-01
3.0670610e-01 1.0000000e+00
6.9226410e-01 1.0000000e+00
0.0000000e+00 8.4309700e-02
3.2032490e-01 0.0000000e+00
0.0000000e+00 2.7304030e-01
3.1172290e-01 1.0000000e+00
1.0000000e+00 4.5804120e-01
8.0199520e-01 0.0000000e+00
4.3202310e-01 1.0000000e+00
9.3004400e-01 0.0000000e+00
1.0000000e+00 7.1029490e-01
0.0000000e+00 7.5633220e-01
1.0000000e+00 3.5476330e-01
4.4794210e-01 1.0000000e+00
0.0000000e+00 7.0215320e-01
1.0000000e+00 4.9906450e-01
1.6698660e-01 1.0000000e+00
0.0000000e+00 9.5036070e-01
1.0000000e+00 3.7145780e-01
0.0000000e+00 1.1140080e-01
1.1905350e-01 1.0000000e+00
1.0000000e+00 8.1759960e-01
9.2325540e-01 1.0000000e+00
0.0000000e+00 3.7910420e-01
1.0000000e+00 7.7826320e-01
5.3194080e-01 0.0000000e+00
1.0000000e+00 7.0189270e-01
8.0273960e-01 1.0000000e+00
6.0873720e-01 0.0000000e+00
1.0000000e+00 3.8802250e-01
1.8308100e-02 0.0000000e+00
0.0000000e+00 8.4386220e-01
0.0000000e+00 4.0237430e-01
0.0000000e+00 5.1245500e-02
1.0000000e+00 4.1515110e-01
0.0000000e+00 8.2079410e-01
9.1480610e-01 0.0000000e+00
3.1731770e-01 1.0000000e+00
7.3640140e-01 1.0000000e+00
1.0000000e+00 6.5163530e-01
1.7697670e-01 0.0000000e+00
9.5426700e-01 0.0000000e+00
7.5540520e-01 1.0000000e+00
1.0000000e+00 4.3588580e-01
0.0000000e+00 3.8101000e-03
5.4292210e-01 1.0000000e+00
1.0000000e+00 8.6969060e-01
3.3069540e-01 0.0000000e+00
5.6936970e-01 0.0000000e+00
1.0000000e+00 8.4438370e-01
8.8953900e-02 0.0000000e+00
1.0000000e+00 4.4127330e-01
5.1811090e-01 1.0000000e+00
5.2223130e-01 0.0000000e+00
1.0000000e+00 5.9681390e-01
2.2182920e-01 0.0000000e+00
1.0000000e+00 4.5300220e-01
1.0000000e+00 2.0766560e-01
6.5466650e-01 1.0000000e+00
3.7263350e-01 1.0000000e+00
0.0000000e+00 9.6320200e-02
0.0000000e+00 8.4910240e-01
1.1224630e-01 0.0000000e+00
3.5203070e-01 0.0000000e+00
6.1665800e-02 1.0000000e+00
1.0000000e+00 4.5320500e-02
8.0915550e-01 1.0000000e+00
1.0000000e+00 9.8676840e-01
0.0000000e+00 6.2902910e-01
0.0000000e+00 9.1070120e-01
1.0000000e+00 1.8766290e-01
5.9455250e-01 1.0000000e+00
6.1105030e-01 1.0000000e+00
9.6895810e-01 0.0000000e+00
1.0000000e+00 6.5728250e-01
0.0000000e+00 9.9328870e-01
0.0000000e+00 4.4077240e-01
0.0000000e+00 9.3954130e-01
1.0000000e+00 1.2072370e-01
3.6394640e-01 1.0000000e+00
0.0000000e+00 7.6622000e-02
0.0000000e+00 3.2253000e-02
5.8324740e-01 1.0000000e+00
7.4939780e-01 1.0000000e+00
1.0000000e+00 4.5428280e-01
7.4137900e-01 0.0000000e+00
1.0000000e+00 1.5233720e-01
0.0000000e+00 7.2126570e-01
7.1747170e-01 1.0000000e+00
8.1273000e-01 1.0000000e+00
0.0000000e+00 2.7252630e-01
9.2533140e-01 0.0000000e+00
4.3020960e-01 1.0000000e+00
0.0000000e+00 9.6355430e-01
4.0247470e-01 1.0000000e+00
9.5495710e-01 1.0000000e+00
4.4541380e-01 1.0000000e+00
1.7452220e-01 1.0000000e+00
9.6681080e-01 1.0000000e+00
4.7096770e-01 0.0000000e+00
0.0000000e+00 9.0633000e-02
5.8861060e-01 1.0000000e+00
1.0000000e+00 8.9410600e-02
0.0000000e+00 9.5603430e-01
3.5083690e-01 0.0000000e+00
8.5090600e-01 1.0000000e+00
1.0000000e+00 2.7637940e-01
1.0000000e+00 7.3288600e-02
0.0000000e+00 3.4929580e-01
0.0000000e+00 2.7543630e-01
1.0000000e+00 3.7221400e-01
5.2559170e-01 1.0000000e+00
6.7195730e-01 1.0000000e+00
0.0000000e+00 1.7341390e-01
0.0000000e+00 6.5119430e-01
0.0000000e+00 4.3832560e-01
0.0000000e+00 2.2425780e-01
5.5739490e-01 0.0000000e+00
1.0000000e+00 7.8543000e-03
7.8122560e-01 0.0000000e+00
1.0000000e+00 5.3921500e-01
1.0000000e+00 2.2073410e-01
2.6526140e-01 1.0000000e+00
5.9970180e-01 1.0000000e+00
3.0730100e-01 1.0000000e+00
0.0000000e+00 8.2268610e-01
1.5546270e-01 0.0000000e+00
0.0000000e+00 8.5380650e-01
0.0000000e+00 2.0255580e-01
0.0000000e+00 9.1818110e-01
0.0000000e+00 8.3581870e-01
1.5010340e-01 0.0000000e+00
8.9237150e-01 1.0000000e+00
1.0000000e+00 0.0000000e+00
8.2164080e-01 1.0000000e+00
1.8084070e-01 1.0000000e+00
6.8084390e-01 0.0000000e+00
3.0497600e-02 1.0000000e+00
1.0000000e+00 6.0092050e-01
5.2376900e-01 1.0000000e+00
1.0000000e+00 1.0499190e-01
9.4146540e-01 0.0000000e+00
3.1824720e-01 1.0000000e+00
1.0000000e+00 3.6698640e-01
8.9522620e-01 0.0000000e+00
2.5219900e-02 0.0000000e+00
8.7681200e-02 1.0000000e+00
1.7153940e-01 1.0000000e+00
3.3359790e-01 1.0000000e+00
0.0000000e+00 3.2925330e-01
0.0000000e+00 4.3894540e-01
6.6065140e-01 0.0000000e+00
0.0000000e+00 9.9443800e-01
0.0000000e+00 2.0300050e-01
3.3399920e-01 1.0000000e+00
2.6243630e-01 0.0000000e+00
3.6479780e-01 1.0000000e+00
1.0000000e+00 4.2132980e-01
0.0000000e+00 1.0043200e-01
0.0000000e+00 9.0070270e-01
2.4343400e-01 1.0000000e+00
0.0000000e+00 3.5769550e-01
0.0000000e+00 6.4845440e-01
0.0000000e+00 1.9512580e-01
0.0000000e+00 5.5319010e-01
7.9653760e-01 0.0000000e+00
1.0000000e+00 4.5881580e-01
1.0000000e+00 9.5564200e-02
1.0000000e+00 7.5175540e-01
1.5228220e-01 0.0000000e+00
0.0000000e+00 7.3654430e-01
0.0000000e+00 1.3206070e-01
7.8199300e-02 1.0000000e+00
1.0457700e-01 0.0000000e+00
1.0071020e-01 0.0000000e+00
8.2896490e-01 0.0000000e+00
1.0000000e+00 3.1867000e-03
1.4925140e-01 1.0000000e+00
0.0000000e+00 2.8413400e-02
0.0000000e+00 4.4866150e-01
0.0000000e+00 7.0382410e-01
3.3228240e-01 0.0000000e+00
8.7730110e-01 0.0000000e+00
5.7777380e-01 0.0000000e+00
1.0000000e+00 9.5009390e-01
3.9995100e-02 0.0000000e+00
8.0950250e-01 0.0000000e+00
1.0000000e+00 9.9175900e-01
0.0000000e+00 4.1213570e-01
0.0000000e+00 7.4265720e-01
0.0000000e+00 5.2582890e-01
1.7923800e-01 0.0000000e+00
1.0000000e+00 9.6421890e-01
9.4710250e-01 1.0000000e+00
1.5274790e-01 1.0000000e+00
8.7205400e-01 1.0000000e+00
1.0000000e+00 1.9009640e-01
5.4086470e-01 0.0000000e+00
1.0000000e+00 2.1279080e-01
5.2651110e-01 0.0000000e+00
3.6185700e-02 1.0000000e+00
8.5970080e-01 1.0000000e+00
4.6018600e-02 0.0000000e+00
4.5576540e-01 1.0000000e+00
1.9151910e-01 1.0000000e+00
2.4470340e-01 0.0000000e+00
0.0000000e+00 9.1427100e-02
0.0000000e+00 3.3097740e-01
3.5818030e-01 1.0000000e+00
1.8530810e-01 1.0000000e+00
5.6301610e-01 1.0000000e+00
5.8259450e-01 1.0000000e+00
1.0000000e+00 7.5182070e-01
1.0000000e+00 5.5778790e-01
8.8045160e-01 0.0000000e+00
2.3050620e-01 1.0000000e+00
1.0000000e+00 5.7902590e-01
6.3826590e-01 1.0000000e+00
0.0000000e+00 8.4133590e-01
3.4358460e-01 0.0000000e+00
0.0000000e+00 3.8195590e-01
1.0000000e+00 6.7196110e-01
1.0000000e+00 6.2241180e-01
8.0047670e-01 1.0000000e+00
1.0000000e+00 4.9328500e-01
6.2981740e-01 1.0000000e+00
0.0000000e+00 9.2196760e-01
2.7942120e-01 1.0000000e+00
4.9144910e-01 1.0000000e+00
1.0000000e+00 2.5019650e-01
0.0000000e+00 8.3121200e-02
9.4188800e-01 1.0000000e+00
0.0000000e+00 3.4534200e-02
0.0000000e+00 2.9179600e-01
9.7503240e-01 0.0000000e+00
6.3925920e-01 0.0000000e+00
3.8640260e-01 0.0000000e+00
1.0000000e+00 3.5443870e-01
0.0000000e+00 2.3202110e-01
1.0000000e+00 9.8206030e-01
5.1308730e-01 0.0000000e+00
1.0000000e+00 1.7955100e-02
0.0000000e+00 9.5615200e-02
0.0000000e+00 2.8414220e-01
0.0000000e+00 6.8583940e-01
0.0000000e+00 7.5850700e-02
0.0000000e+00 3.2274480e-01
1.0000000e+00 6.4855300e-01
1.0000000e+00 8.8510000e-03
0.0000000e+00 7.0423420e-01
2.3703590e-01 1.0000000e+00
1.0000000e+00 6.9881690e-01
7.1050350e-01 1.0000000e+00
5.2692060e-01 0.0000000e+00
8.8736500e-01 0.0000000e+00
1.0000000e+00 9.9274930e-01
4.4573330e-01 1.0000000e+00
0.0000000e+00 2.6962020e-01
0.0000000e+00 1.0877150e-01
5.6563700e-02 0.0000000e+00
1.0000000e+00 2.4381610e-01
8.3315310e-01 0.0000000e+00
1.0000000e+00 7.4414910e-01
0.0000000e+00 6.2302360e-01
5.0192770e-01 0.0000000e+00
1.0000000e+00 4.9690010e-01
0.0000000e+00 2.2316710e-01
8.1369260e-01 0.0000000e+00
9.3828310e-01 1.0000000e+00
5.1444370e-01 0.0000000e+00
1.0000000e+00 5.2445080e-01
0.0000000e+00 7.8378450e-01
9.5449270e-01 0.0000000e+00
2.0405190e-01 1.0000000e+00
0.0000000e+00 9.8760380e-01
1.0000000e+00 8.6631280e-01
1.9921570e-01 1.0000000e+00
0.0000000e+00 8.3033290e-01
9.6390120e-01 1.0000000e+00
1.0000000e+00 3.5292080e-01
1.7953040e-01 1.0000000e+00
0.0000000e+00 9.1009900e-02
9.1853680e-01 1.0000000e+00
0.0000000e+00 5.9657700e-01
4.1643170e-01 1.0000000e+00
6.6195480e-01 0.0000000e+00
7.1160830e-01 0.0000000e+00
9.4884200e-01 1.0000000e+00
3.4991000e-02 1.0000000e+00
0.0000000e+00 4.1850510e-01
1.3514620e-01 0.0000000e+00
1.0000000e+00 7.5135420e-01
7.6601970e-01 0.0000000e+00
1.0000000e+00 8.5787300e-01
1.0000000e+00 8.8468470e-01
0.0000000e+00 4.4109410e-01
2.0115330e-01 1.0000000e+00
0.0000000e+00 5.1731620e-01
1.0000000e+00 6.5497310e-01
6.8692360e-01 1.0000000e+00
8.7660090e-01 1.0000000e+00
3.0095990e-01 0.0000000e+00
4.8193000e-01 0.0000000e+00
1.0000000e+00 7.7125980e-01
7.2409260e-01 1.0000000e+00
8.8682950e-01 0.0000000e+00
1.0000000e+00 4.8790560e-01
8.3870150e-01 1.0000000e+00
8.9473590e-01 1.0000000e+00
1.0000000e+00 4.8245180e-01
1.0000000e+00 7.3543760e-01
1.0000000e+00 6.2948000e-01
6.7541060e-01 0.0000000e+00
1.0000000e+00 7.5518940e-01
9.5548210e-01 0.0000000e+00
0.0000000e+00 6.7558080e-01
1.0000000e+00 5.0732280e-01
0.0000000e+00 6.4559580e-01
0.0000000e+00 1.6619840e-01
1.0000000e+00 3.2208040e-01
7.8564070e-01 1.0000000e+00
5.5420060e-01 0.0000000e+00
5.0901980e-01 0.0000000e+00
1.0000000e+00 6.0275040e-01
6.5897500e-02 1.0000000e+00
5.9177430e-01 1.0000000e+00
0.0000000e+00 7.2070650e-01
4.1006910e-01 0.0000000e+00
1.3314950e-01 1.0000000e+00
0.0000000e+00 2.9900390e-01
1.0000000e+00 6.3113470e-01
6.9093980e-01 0.0000000e+00
1.7035080e-01 1.0000000e+00
1.0000000e+00 2.7754510e-01
0.0000000e+00 3.7444510e-01
0.0000000e+00 6.9858240e-01
0.0000000e+00 8.6927880e-01
6.3836650e-01 0.0000000e+00
1.0000000e+00 5.0523350e-01
1.0000000e+00 5.2144780e-01
3.7293240e-01 0.0000000e+00
9.2098410e-01 0.0000000e+00
1.0000000e+00 4.5538600e-02
5.1973570e-01 0.0000000e+00
7.2640830e-01 0.0000000e+00
6.4857790e-01 0.0000000e+00
1.0000000e+00 9.2659610e-01
4.3614200e-02 1.0000000e+00
9.3802970e-01 1.0000000e+00
4.2118390e-01 1.0000000e+00
1.9736500e-02 1.0000000e+00
1.0000000e+00 6.2839390e-01
8.8709440e-01 0.0000000e+00
1.8387480e-01 0.0000000e+00
5.9024400e-01 0.0000000e+00
7.0972800e-02 1.0000000e+00
2.7016290e-01 0.0000000e+00
1.0000000e+00 9.4604160e-01
0.0000000e+00 9.3356660e-01
1.0000000e+00 8.1265840e-01
0.0000000e+00 1.0631090e-01
1.0000000e+00 6.4870650e-01
5.6416720e-01 1.0000000e+00
5.7808660e-01 1.0000000e+00
6.4308360e-01 0.0000000e+00
7.8718170e-01 0.0000000e+00
8.3946300e-01 0.0000000e+00
0.0000000e+00 3.6907320e-01
0.0000000e+00 2.6658500e-02
1.0000000e+00 1.7210350e-01
5.5719110e-01 1.0000000e+00
3.8515170e-01 1.0000000e+00
5.0969610e-01 1.0000000e+00
4.9884780e-01 0.0000000e+00
1.0000000e+00 2.2786710e-01
3.7123040e-01 1.0000000e+00
1.0000000e+00 4.7301900e-02
1.3800870e-01 0.0000000e+00
0.0000000e+00 3.0586920e-01
0.0000000e+00 9.4823380e-01
1.0000000e+00 3.8622630e-01
2.1696290e-01 0.0000000e+00
0.0000000e+00 6.3136290e-01
0.0000000e+00 9.3661160e-01
3.0895110e-01 1.0000000e+00
9.6160380e-01 0.0000000e+00
4.6400000e-01 0.0000000e+00
1.0000000e+00 9.2902290e-01
1.0000000e+00 1.8366480e-01
1.0000000e+00 3.0747400e-01
1.0000000e+00 3.3183650e-01
0.0000000e+00 6.5767690e-01
7.9295100e-02 0.0000000e+00
4.3662700e-02 1.0000000e+00
8.3983830e-01 1.0000000e+00
0.0000000e+00 4.4760240e-01
4.8117040e-01 0.0000000e+00
5.1908000e-02 1.0000000e+00
5.7152600e-01 0.0000000e+00
5.8803650e-01 0.0000000e+00
1.0000000e+00 9.5000690e-01
3.2961740e-01 1.0000000e+00
9.9128320e-01 1.0000000e+00
1.0000000e+00 3.4276550e-01
0.0000000e+00 6.1523000e-03
1.4979650e-01 1.0000000e+00
8.5620480e-01 1.0000000e+00
1.0000000e+00 8.5991020e-01
1.1670170e-01 0.0000000e+00
9.6369300e-01 1.0000000e+00
2.9557570e-01 0.0000000e+00
4.1399630e-01 0.0000000e+00
1.2120070e-01 1.0000000e+00
0.0000000e+00 1.1649520e-01
5.1681450e-01 1.0000000e+00
1.0000000e+00 9.5435060e-01
7.1752060e-01 1.0000000e+00
0.0000000e+00 5.2631350e-01
9.3626640e-01 0.0000000e+00
4.5670890e-01 1.0000000e+00
5.2966060e-01 0.0000000e+00
9.8737660e-01 1.0000000e+00
0.0000000e+00 8.2188980e-01
5.9381520e-01 1.0000000e+00
0.0000000e+00 4.6467650e-01
0.0000000e+00 6.5792840e-01
1.0000000e+00 9.0622530e-01
1.0000000e+00 2.5943150e-01
0.0000000e+00 8.5658140e-01
1.0000000e+00 1.4531890e-01
7.1720490e-01 0.0000000e+00
8.3248620e-01 0.0000000e+00
1.7736820e-01 1.0000000e+00
0.0000000e+00 8.8854600e-01
4.9805230e-01 0.0000000e+00
1.0000000e+00 3.9257700e-02
5.9671460e-01 0.0000000e+00
0.0000000e+00 4.3776500e-01
0.0000000e+00 6.1054060e-01
1.0000000e+00 5.1139230e-01
0.0000000e+00 9.2360180e-01
0.0000000e+00 5.3192000e-03
6.8708610e-01 1.0000000e+00
8.9158420e-01 0.0000000e+00
2.0672640e-01 0.0000000e+00
1.0000000e+00 7.9288250e-01
0.0000000e+00 9.4239060e-01
0.0000000e+00 7.7515480e-01
0.0000000e+00 1.6924310e-01
7.6301550e-01 0.0000000e+00
7.5879120e-01 0.0000000e+00
1.0000000e+00 5.4318450e-01
1.8803240e-01 1.0000000e+00
1.0000000e+00 6.5065640e-01
0.0000000e+00 2.7948770e-01
1.0000000e+00 6.5409800e-01
6.9457010e-01 0.0000000e+00
0.0000000e+00 7.2767150e-01
3.8850760e-01 1.0000000e+00
1.3937760e-01 1.0000000e+00
4.0883090e-01 0.0000000e+00
9.1742300e-01 0.0000000e+00
1.0000000e+00 4.3987810e-01
1.3034560e-01 0.0000000e+00
3.2392650e-01 0.0000000e+00
2.4779760e-01 0.0000000e+00
0.0000000e+00 7.5735020e-01
4.0087300e-02 1.0000000e+00
0.0000000e+00 7.7367510e-01
8.5665970e-01 1.0000000e+00
8.1679020e-01 0.0000000e+00
1.0000000e+00 6.8502270e-01
0.0000000e+00 4.2850630e-01
1.0000000e+00 9.2648220e-01
5.4801100e-02 1.0000000e+00
2.9355720e-01 0.0000000e+00
1.0000000e+00 1.0546830e-01
1.0873640e-01 0.0000000e+00
9.7516280e-01 0.0000000e+00
5.6953110e-01 0.0000000e+00
0.0000000e+00 9.6133800e-01
6.2834260e-01 1.0000000e+00
1.8602190e-01 1.0000000e+00
3.3251930e-01 1.0000000e+00
0.0000000e+00 8.6662500e-01
6.3922100e-02 1.0000000e+00
0.0000000e+00 3.9337470e-01
1.0000000e+00 8.9889460e-01
0.0000000e+00 8.5967570e-01
9.2078910e-01 0.0000000e+00
0.0000000e+00 9.1277160e-01
2.6626000e-03 0.0000000e+00
6.0561080e-01 1.0000000e+00
1.0000000e+00 3.8995600e-01
4.5571770e-01 1.0000000e+00
1.0000000e+00 8.6789390e-01
0.0000000e+00 9.1103740e-01
3.2386390e-01 0.0000000e+00
0.0000000e+00 2.6653900e-01
9.6299790e-01 0.0000000e+00
5.4398870e-01 0.0000000e+00
2.3694120e-01 1.0000000e+00
2.0917800e-02 1.0000000e+00
0.0000000e+00 2.7745330e-01
1.0000000e+00 6.1387400e-02
6.0300060e-01 1.0000000e+00
7.5425640e-01 1.0000000e+00
8.2501270e-01 0.0000000e+00
0.0000000e+00 4.8996320e-01
5.5883880e-01 1.0000000e+00
0.0000000e+00 7.2997000e-01
1.0000000e+00 3.4484050e-01
1.0000000e+00 4.2384750e-01
5.7016600e-01 0.0000000e+00
0.0000000e+00 9.3614820e-01
6.0140130e-01 0.0000000e+00
0.0000000e+00 3.2667750e-01
9.8031570e-01 1.0000000e+00
0.0000000e+00 7.4804940e-01
6.5987730e-01 0.0000000e+00
1.0000000e+00 3.0523730e-01
2.8457660e-01 1.0000000e+00
1.0000000e+00 7.9465870e-01
0.0000000e+00 2.4464130e-01
6.0778800e-02 0.0000000e+00
3.1837860e-01 1.0000000e+00
5.2206410e-01 1.0000000e+00
0.0000000e+00 7.2395090e-01
3.5676040e-01 1.0000000e+00
0.0000000e+00 7.9307920e-01
7.3135400e-01 1.0000000e+00
2.3693000e-02 0.0000000e+00
7.8227890e-01 0.0000000e+00
5.5743130e-01 1.0000000e+00
0.0000000e+00 7.2539390e-01
2.3825790e-01 0.0000000e+00
0.0000000e+00 3.3632640e-01
0.0000000e+00 7.1433640e-01
0.0000000e+00 8.0330290e-01
3.5175950e-01 1.0000000e+00
3.7749120e-01 0.0000000e+00
4.1615850e-01 0.0000000e+00
6.8176500e-02 1.0000000e+00
1.0000000e+00 5.3034840e-01
1.0000000e+00 5.0736110e-01
1.0000000e+00 4.8541930e-01
4.0778900e-02 0.0000000e+00
5.5053120e-01 0.0000000e+00
7.8263830e-01 1.0000000e+00
0.0000000e+00 7.4172400e-01
8.0461690e-01 0.0000000e+00
0.0000000e+00 2.6696600e-02
0.0000000e+00 8.7893160e-01
6.2139890e-01 1.0000000e+00
5.0763010e-01 1.0000000e+00
2.2385700e-01 0.0000000e+00
6.7793900e-02 1.0000000e+00
1.0000000e+00 3.2192700e-02
5.8465730e-01 1.0000000e+00
3.7455300e-02 0.0000000e+00
6.9868830e-01 0.0000000e+00
9.1060210e-01 0.0000000e+00
0.0000000e+00 1.1736420e-01
7.0035310e-01 0.0000000e+00
7.0739750e-01 1.0000000e+00
3.7789470e-01 1.0000000e+00
0.0000000e+00 7.1740000e-01
9.6670600e-02 0.0000000e+00
4.3331530e-01 1.0000000e+00
0.0000000e+00 4.3376840e-01
0.0000000e+00 4.5436830e-01
2.8344530e-01 1.0000000e+00
0.0000000e+00 9.7773430e-01
1.0000000e+00 1.8730170e-01
1.0000000e+00 8.5186070e-01
2.7178650e-01 1.0000000e+00
9.7394880e-01 1.0000000e+00
3.8161860e-01 1.0000000e+00
4.3325200e-01 1.0000000e+00
5.8253770e-01 0.0000000e+00
5.6209810e-01 1.0000000e+00
1.0000000e+00 6.9421610e-01
0.0000000e+00 3.8254650e-01
0.0000000e+00 5.6188400e-02
6.0766510e-01 0.0000000e+00
0.0000000e+00 6.6159700e-01
1.0000000e+00 4.7598370e-01
5.2791900e-01 1.0000000e+00
1.0000000e+00 2.0922330e-01
2.1391640e-01 0.0000000e+00
0.0000000e+00 6.6139610e-01
5.0587000e-03 1.0000000e+00
0.0000000e+00 1.3418600e-02
4.8583530e-01 0.0000000e+00
0.0000000e+00 5.2336420e-01
0.0000000e+00 3.2472070e-01
5.0344740e-01 1.0000000e+00
1.0000000e+00 1.1421420e-01
5.6979470e-01 1.0000000e+00
5.8394860e-01 1.0000000e+00
3.3960490e-01 1.0000000e+00
9.9110890e-01 1.0000000e+00
9.5103350e-01 0.0000000e+00
0.0000000e+00 4.3800300e-02
1.0000000e+00 2.3271190e-01
5.8443700e-02 0.0000000e+00
2.7776370e-01 0.0000000e+00
1.0000000e+00 5.9194510e-01
1.0000000e+00 1.5668390e-01
1.0000000e+00 8.5604630e-01
0.0000000e+00 5.0725100e-01
8.1533050e-01 1.0000000e+00
1.0000000e+00 1.6609710e-01
1.0000000e+00 5.4899600e-01
0.0000000e+00 5.4454000e-01
1.0000000e+00 5.1316860e-01
7.2865440e-01 1.0000000e+00
2.8162940e-01 1.0000000e+00
6.9227800e-02 0.0000000e+00
2.5576400e-02 1.0000000e+00
0.0000000e+00 4.0205100e-01
2.1447030e-01 1.0000000e+00
2.8751770e-01 0.0000000e+00
1.0000000e+00 4.9660500e-01
5.3149640e-01 0.0000000e+00
1.0000000e+00 1.6492080e-01
2.6675270e-01 0.0000000e+00
0.0000000e+00 6.3888970e-01
7.0880740e-01 0.0000000e+00
3.1218220e-01 0.0000000e+00
6.1047230e-01 0.0000000e+00
1.0000000e+00 2.9659090e-01
9.2143300e-01 1.0000000e+00
4.2396770e-01 0.0000000e+00
2.0071860e-01 1.0000000e+00
1.0000000e+00 7.9611610e-01
9.8967330e-01 0.0000000e+00
0.0000000e+00 9.8839300e-02
1.0000000e+00 8.9849860e-01
0.0000000e+00 2.4217900e-02
5.9525090e-01 1.0000000e+00
8.3679050e-01 0.0000000e+00
1.0000000e+00 3.8460930e-01
3.7754490e-01 0.0000000e+00
0.0000000e+00 5.6889000e-01
1.0000000e+00 7.8364540e-01
1.0000000e+00 7.0470600e-01
0.0000000e+00 2.6041400e-02
0.0000000e+00 7.2087410e-01
1.0000000e+00 7.6128670e-01
4.2787770e-01 1.0000000e+00
2.8005360e-01 0.0000000e+00
1.2761440e-01 0.0000000e+00
1.1909170e-01 1.0000000e+00
7.5418200e-02 1.0000000e+00
0.0000000e+00 6.1935000e-03
8.4379670e-01 0.0000000e+00
7.5117390e-01 0.0000000e+00
2.4723740e-01 1.0000000e+00
8.4904540e-01 0.0000000e+00
1.0000000e+00 9.6505500e-01
0.0000000e+00 2.5579620e-01
4.2838960e-01 0.0000000e+00
1.7782590e-01 0.0000000e+00
0.0000000e+00 1.5608410e-01
8.5051300e-02 0.0000000e+00
3.0933780e-01 1.0000000e+00
0.0000000e+00 5.7863460e-01
1.0000000e+00 6.7790470e-01
0.0000000e+00 7.1672440e-01
8.9084440e-01 0.0000000e+00
5.1592900e-01 1.0000000e+00
0.0000000e+00 3.9998290e-01
1.0000000e+00 3.6459010e-01
1.0000000e+00 3.6609510e-01
3.8811020e-01 1.0000000e+00
2.0878410e-01 1.0000000e+00
1.0000000e+00 6.2679750e-01
0.0000000e+00 3.3320770e-01
1.0000000e+00 5.2522550e-01
0.0000000e+00 6.4243850e-01
3.2729430e-01 0.0000000e+00
5.1299610e-01 0.0000000e+00
2.6067250e-01 1.0000000e+00
8.0950000e-01 1.0000000e+00
5.6104430e-01 1.0000000e+00
6.7938930e-01 1.0000000e+00
0.0000000e+00 5.0602300e-02
0.0000000e+00 1.4104930e-01
0.0000000e+00 9.4555470e-01
1.0000000e+00 7.4844320e-01
6.6752690e-01 1.0000000e+00
3.1755000e-01 0.0000000e+00
1.0000000e+00 2.6526170e-01
0.0000000e+00 5.7153240e-01
1.0000000e+00 8.9022100e-02
0.0000000e+00 5.4034980e-01
0.0000000e+00 5.4974440e-01
0.0000000e+00 4.9633660e-01
1.0000000e+00 9.9389560e-01
0.0000000e+00 8.8453660e-01
0.0000000e+00 7.8829420e-01
0.0000000e+00 5.7708000e-02
1.0000000e+00 2.4144910e-01
1.0000000e+00 4.6719430e-01
8.5025690e-01 0.0000000e+00
0.0000000e+00 4.2582500e-02
1.0647920e-01 0.0000000e+00
1.0000000e+00 1.3212930e-01
4.3417730e-01 0.0000000e+00
0.0000000e+00 5.4696990e-01
0.0000000e+00 7.6716290e-01
0.0000000e+00 6.2049330e-01
4.1107240e-01 0.0000000e+00
1.5440400e-01 1.0000000e+00
0.0000000e+00 7.2530600e-01
7.1861480e-01 1.0000000e+00
1.0000000e+00 2.3657510e-01
0.0000000e+00 1.6481680e-01
0.0000000e+00 5.3073660e-01
1.0000000e+00 4.6764060e-01
7.0592000e-02 1.0000000e+00
9.2243850e-01 0.0000000e+00
1.0000000e+00 5.0540420e-01
5.2073210e-01 1.0000000e+00
0.0000000e+00 8.2741070e-01
0.0000000e+00 6.8470070e-01
0.0000000e+00 5.0039260e-01
1.0000000e+00 5.0692410e-01
3.3739050e-01 1.0000000e+00
3.1688840e-01 1.0000000e+00
1.0000000e+00 7.7458140e-01
2.2585530e-01 1.0000000e+00
1.7034460e-01 0.0000000e+00
0.0000000e+00 3.6928210e-01
7.2837240e-01 1.0000000e+00
4.2960210e-01 0.0000000e+00
4.6047270e-01 0.0000000e+00
8.0396110e-01 1.0000000e+00
1.0000000e+00 1.2101720e-01
1.8175720e-01 1.0000000e+00
1.0000000e+00 1.0138870e-01
8.8516700e-02 1.0000000e+00
1.0000000e+00 2.5577880e-01
1.0000000e+00 2.3559600e-02
1.6976600e-01 0.0000000e+00
2.1826700e-02 0.0000000e+00
1.0701870e-01 0.0000000e+00
3.1136570e-01 1.0000000e+00
1.0000000e+00 3.7247830e-01
0.0000000e+00 8.6059280e-01
0.0000000e+00 1.0000000e+00
1.0000000e+00 3.2139940e-01
0.0000000e+00 6.8827280e-01
5.3049080e-01 0.0000000e+00
2.8205810e-01 0.0000000e+00
4.6962100e-01 0.0000000e+00
2.9310100e-01 0.0000000e+00
0.0000000e+00 6.3754450e-01
6.6726980e-01 1.0000000e+00
0.0000000e+00 1.2510230e-01
1.0000000e+00 3.5267900e-01
1.8319600e-02 0.0000000e+00
0.0000000e+00 7.9975660e-01
1.0000000e+00 9.7208090e-01
0.0000000e+00 8.5165530e-01
0.0000000e+00 4.1313440e-01
4.5743350e-01 0.0000000e+00
1.0000000e+00 6.8461910e-01
1.4729940e-01 1.0000000e+00
1.0000000e+00 4.6287380e-01
5.0952760e-01 0.0000000e+00
0.0000000e+00 8.4877450e-01
6.5843340e-01 1.0000000e+00
1.0000000e+00 1.0000000e+00
1.0000000e+00 1.0395000e-02
3.0938490e-01 1.0000000e+00
1.0000000e+00 6.8514230e-01
1.5864200e-02 0.0000000e+00
1.0000000e+00 4.0442890e-01
