4.5631440e-01 0.0000000e+00
1.0000000e+00 7.7376880e-01
0.0000000e+00 9.7170940e-01
0.0000000e+00 5.5895100e-02
1.0000000e+00 1.5405130e-01
1.3502910e-01 1.0000000e+00
5.1227780e-01 1.0000000e+00
1.0000000e+00 6.4735520e-01
0.0000000e+00 1.7851330e-01
1.0000000e+00 7.1636900e-01
6.1902180e-01 0.0000000e+00
4.3022020e-01 1.0000000e+00
1.0000000e+00 3.9200250e-01
9.5275350e-01 1.0000000e+00
0.0000000e+00 6.8201570e-01
0.0000000e+00 1.7358950e-01
6.6593240e-01 1.0000000e+00
3.9677620e-01 0.0000000e+00
8.1629430e-01 0.0000000e+00
5.2241860e-01 1.0000000e+00
7.9168350e-01 1.0000000e+00
1.1807340e-01 1.0000000e+00
1.5327430e-01 1.0000000e+00
1.0000000e+00 1.9907000e-01
8.3439650e-01 0.0000000e+00
1.0000000e+00 9.5553400e-01
0.0000000e+00 8.2487100e-02
1.2385070e-01 0.0000000e+00
2.0643830e-01 1.0000000e+00
9.0207170e-01 1.0000000e+00
5.8900820e-01 1.0000000e+00
0.0000000e+00 0.0000000e+00
9.6431900e-02 1.0000000e+00
0.0000000e+00 1.8421200e-01
0.0000000e+00 3.8326830e-01
0.0000000e+00 4.3228600e-01
0.0000000e+00 8.3741940e-01
8.7971720e-01 0.0000000e+00
1.0000000e+00 2.0874800e-02
8.8121510e-01 0.0000000e+00
0.0000000e+00 6.4124890e-01
0.0000000e+00 4.3942600e-02
0.0000000e+00 5.2369720e-01
1.0000000e+00 1.0057830e-01
5.6716880e-01 0.0000000e+00
1.0000000e+00 5.8463840e-01
1.0000000e+00 1.4317200e-01
0.0000000e+00 8.6022010e-01
4.3578600e-02 0.0000000e+00
8.9261600e-01 0.0000000e+00
7.0120010e-01 0.0000000e+00
0.0000000e+00 5.0200040e-01
1.0000000e+00 2.3218280e-01
6.7130950e-01 1.0000000e+00
9.7803940e-01 1.0000000e+00
0.0000000e+00 9.4680570e-01
6.8875440e-01 0.0000000e+00
0.0000000e+00 4.6182260e-01
1.0000000e+00 3.2110990e-01
0.0000000e+00 8.9314430e-01
8.0520180e-01 1.0000000e+00
0.0000000e+00 6.6657230e-01
1.0000000e+00 2.6104530e-01
1.5389000e-03 0.0000000e+00
5.5624480e-01 1.0000000e+00
2.2737100e-01 0.0000000e+00
4.3089280e-01 1.0000000e+00
6.6762560e-01 0.0000000e+00
7.0410790e-01 0.0000000e+00
7.0453500e-02 0.0000000e+00
3.1368400e-01 0.0000000e+00
1.0000000e+00 4.6491860e-01
0.0000000e+00 7.4752630e-01
0.0000000e+00 5.6780120e-01
1.7162160e-01 1.0000000e+00
0.0000000e+00 3.5149070e-01
0.0000000e+00 4.0530160e-01
0.0000000e+00 7.2350470e-01
3.0185130e-01 0.0000000e+00
1.2749630e-01 0.0000000e+00
6.1397070e-01 0.0000000e+00
0.0000000e+00 8.8018200e-01
4.5599240e-01 1.0000000e+00
1.0000000e+00 5.8722400e-02
0.0000000e+00 5.8497510e-01
0.0000000e+00 6.1701140e-01
3.2552440e-01 0.0000000e+00
0.0000000e+00 7.2220690e-01
2.5948250e-01 0.0000000e+00
5.4294750e-01 1.0000000e+00
1.0000000e+00 6.0172900e-02
1.0000000e+00 2.2307560e-01
1.4569840e-01 1.0000000e+00
0.0000000e+00 9.4087610e-01
6.1304740e-01 1.0000000e+00
3.2577700e-01 0.0000000e+00
6.0993570e-01 0.0000000e+00
9.4040600e-01 0.0000000e+00
7.0900190e-01 0.0000000e+00
1.0000000e+00 9.8079060e-01
1.0000000e+00 1.1536730e-01
2.0164030e-01 1.0000000e+00
1.0000000e+00 9.8730440e-01
4.5886320e-01 1.0000000e+00
0.0000000e+00 6.0435970e-01
0.0000000e+00 3.7267370e-01
1.0000000e+00 8.9364600e-01
0.0000000e+00 7.7124600e-01
7.7312250e-01 0.0000000e+00
6.0673760e-01 0.0000000e+00
0.0000000e+00 5.2892890e-01
1.0000000e+00 1.3198020e-01
0.0000000e+00 5.9905910e-01
5.9431400e-02 0.0000000e+00
3.3072160e-01 1.0000000e+00
5.6448630e-01 0.0000000e+00
8.2160890e-01 0.0000000e+00
8.5787950e-01 0.0000000e+00
0.0000000e+00 4.8662400e-02
1.0000000e+00 3.9688220e-01
1.0222000e-01 0.0000000e+00
1.0000000e+00 7.5945490e-01
4.3781590e-01 0.0000000e+00
9.1842380e-01 1.0000000e+00
0.0000000e+00 4.2687200e-02
4.2702130e-01 1.0000000e+00
0.0000000e+00 9.7137660e-01
1.0000000e+00 6.7419830e-01
8.3279670e-01 1.0000000e+00
0.0000000e+00 3.1133550e-01
0.0000000e+00 9.0558450e-01
1.0000000e+00 6.1836550e-01
1.0000000e+00 7.5443770e-01
4.3662840e-01 1.0000000e+00
1.0000000e+00 6.5626800e-01
0.0000000e+00 1.7976760e-01
7.7293970e-01 1.0000000e+00
0.0000000e+00 8.1894280e-01
0.0000000e+00 9.9807860e-01
1.0000000e+00 6.2320690e-01
1.0000000e+00 3.0549400e-02
0.0000000e+00 3.2105200e-01
8.0933430e-01 1.0000000e+00
8.0190450e-01 0.0000000e+00
1.0000000e+00 5.7291970e-01
2.8033020e-01 1.0000000e+00
8.2494430e-01 0.0000000e+00
3.5576100e-01 1.0000000e+00
3.4925100e-02 0.0000000e+00
1.0000000e+00 5.7519740e-01
0.0000000e+00 3.6763500e-02
1.0000000e+00 2.4615940e-01
3.8793570e-01 1.0000000e+00
4.8382000e-01 1.0000000e+00
1.2235330e-01 0.0000000e+00
1.0000000e+00 8.7470870e-01
1.0000000e+00 2.9828010e-01
1.0000000e+00 6.2808290e-01
1.0000000e+00 8.3665760e-01
5.3381520e-01 0.0000000e+00
0.0000000e+00 7.2859730e-01
1.0000000e+00 6.4573070e-01
1.0000000e+00 9.5865280e-01
1.0000000e+00 7.2094680e-01
9.8697540e-01 0.0000000e+00
0.0000000e+00 1.4122760e-01
6.6076680e-01 0.0000000e+00
5.9993830e-01 1.0000000e+00
4.5421990e-01 0.0000000e+00
0.0000000e+00 8.7395440e-01
0.0000000e+00 2.7639840e-01
0.0000000e+00 3.3599900e-01
1.0000000e+00 6.6552660e-01
4.1299390e-01 0.0000000e+00
1.0000000e+00 6.1696450e-01
0.0000000e+00 7.8991010e-01
3.4128140e-01 1.0000000e+00
0.0000000e+00 5.2825300e-02
1.7919750e-01 0.0000000e+00
1.0000000e+00 1.9469970e-01
6.4427720e-01 0.0000000e+00
5.1964600e-02 0.0000000e+00
0.0000000e+00 3.8462420e-01
4.4780470e-01 1.0000000e+00
0.0000000e+00 3.9590900e-02
1.0000000e+00 2.2365410e-01
1.0000000e+00 3.9960050e-01
7.6749340e-01 1.0000000e+00
0.0000000e+00 3.8813320e-01
1.0000000e+00 5.6236950e-01
4.4161310e-01 1.0000000e+00
8.7958720e-01 0.0000000e+00
1.0000000e+00 9.2787510e-01
8.4195170e-01 1.0000000e+00
1.0000000e+00 1.3294890e-01
5.5514370e-01 0.0000000e+00
7.5398070e-01 1.0000000e+00
1.0000000e+00 0.0000000e+00
9.9970740e-01 0.0000000e+00
9.3514660e-01 1.0000000e+00
1.0000000e+00 9.3447620e-01
0.0000000e+00 4.5941050e-01
1.0000000e+00 5.2026100e-02
5.4032700e-02 0.0000000e+00
1.0000000e+00 1.6915320e-01
3.7422040e-01 1.0000000e+00
0.0000000e+00 8.6116020e-01
0.0000000e+00 1.8933110e-01
1.0000000e+00 8.6518600e-02
5.7365810e-01 1.0000000e+00
6.6546390e-01 0.0000000e+00
0.0000000e+00 1.6782730e-01
1.0000000e+00 8.0782800e-01
0.0000000e+00 5.2075590e-01
6.5401120e-01 0.0000000e+00
0.0000000e+00 2.7725090e-01
1.0000000e+00 6.4001760e-01
0.0000000e+00 6.1415200e-02
4.9881210e-01 0.0000000e+00
1.4588940e-01 1.0000000e+00
0.0000000e+00 7.0991060e-01
7.0930600e-01 1.0000000e+00
0.0000000e+00 4.2973400e-01
1.0000000e+00 9.3825440e-01
2.1276340e-01 1.0000000e+00
1.3251740e-01 1.0000000e+00
1.0000000e+00 9.3127660e-01
0.0000000e+00 5.1386540e-01
1.0000000e+00 6.6249300e-01
1.7566140e-01 0.0000000e+00
0.0000000e+00 6.7709450e-01
0.0000000e+00 1.3769200e-02
1.0000000e+00 5.8333370e-01
8.5757900e-02 1.0000000e+00
0.0000000e+00 6.6745000e-03
9.1012440e-01 1.0000000e+00
8.9847420e-01 1.0000000e+00
0.0000000e+00 1.3346930e-01
7.0255630e-01 0.0000000e+00
2.2565800e-01 1.0000000e+00
5.2443770e-01 0.0000000e+00
9.8267430e-01 0.0000000e+00
1.0000000e+00 7.5626850e-01
7.6318200e-01 1.0000000e+00
6.9821640e-01 1.0000000e+00
8.9864070e-01 1.0000000e+00
0.0000000e+00 9.5492800e-01
3.8226060e-01 0.0000000e+00
1.0000000e+00 6.2799000e-03
5.4440780e-01 1.0000000e+00
4.8377600e-02 1.0000000e+00
1.5674220e-01 1.0000000e+00
0.0000000e+00 5.2889770e-01
7.2391520e-01 0.0000000e+00
6.4871260e-01 0.0000000e+00
9.5108270e-01 1.0000000e+00
8.4897380e-01 0.0000000e+00
0.0000000e+00 1.4598270e-01
9.4150300e-01 1.0000000e+00
1.0000000e+00 5.2258480e-01
1.0000000e+00 1.8505590e-01
1.0000000e+00 3.6014720e-01
2.8875420e-01 0.0000000e+00
1.0000000e+00 5.1814220e-01
7.7382230e-01 0.0000000e+00
1.0000000e+00 9.8330760e-01
0.0000000e+00 2.4967300e-02
0.0000000e+00 3.8905580e-01
1.0000000e+00 5.3666270e-01
6.3701440e-01 1.0000000e+00
0.0000000e+00 6.5328640e-01
9.5152090e-01 0.0000000e+00
0.0000000e+00 7.7285140e-01
6.3534120e-01 1.0000000e+00
4.3345460e-01 1.0000000e+00
0.0000000e+00 8.7580810e-01
1.0000000e+00 4.6373380e-01
7.6909660e-01 0.0000000e+00
0.0000000e+00 4.8948790e-01
1.0000000e+00 3.6316370e-01
0.0000000e+00 6.7587110e-01
3.3693580e-01 1.0000000e+00
6.4757000e-03 1.0000000e+00
1.0000000e+00 5.0181200e-02
0.0000000e+00 8.6631930e-01
8.1630320e-01 0.0000000e+00
1.0000000e+00 4.1640410e-01
4.7784470e-01 0.0000000e+00
1.0000000e+00 6.4535340e-01
4.3628300e-02 0.0000000e+00
0.0000000e+00 4.6521200e-02
8.6617140e-01 1.0000000e+00
1.0000000e+00 5.8256610e-01
3.6475600e-01 1.0000000e+00
0.0000000e+00 4.4110900e-01
8.6022970e-01 0.0000000e+00
1.0000000e+00 1.5579560e-01
3.0664400e-02 1.0000000e+00
0.0000000e+00 5.2895440e-01
0.0000000e+00 6.2006380e-01
6.9168620e-01 0.0000000e+00
0.0000000e+00 9.7975550e-01
8.4691900e-02 0.0000000e+00
4.0158560e-01 1.0000000e+00
1.6708730e-01 0.0000000e+00
0.0000000e+00 9.9814640e-01
1.0000000e+00 6.4138780e-01
1.0000000e+00 3.8800800e-01
1.0000000e+00 9.0826830e-01
5.0106990e-01 0.0000000e+00
1.0000000e+00 6.1180000e-03
0.0000000e+00 5.5878780e-01
2.9205340e-01 0.0000000e+00
5.3083380e-01 0.0000000e+00
0.0000000e+00 6.6417510e-01
6.3121600e-02 0.0000000e+00
6.5222040e-01 0.0000000e+00
0.0000000e+00 8.3512000e-03
1.0000000e+00 1.9890570e-01
1.0000000e+00 8.6629260e-01
1.0000000e+00 6.5745870e-01
1.4320730e-01 0.0000000e+00
3.7003940e-01 1.0000000e+00
3.7344670e-01 0.0000000e+00
7.0277860e-01 0.0000000e+00
7.6094200e-01 1.0000000e+00
9.9526990e-01 1.0000000e+00
1.0000000e+00 8.1520010e-01
3.2396200e-02 0.0000000e+00
1.0000000e+00 9.6517650e-01
5.6152730e-01 0.0000000e+00
1.0000000e+00 1.1467400e-02
5.9818000e-02 0.0000000e+00
1.0000000e+00 6.6807600e-01
1.0000000e+00 8.0572990e-01
1.0000000e+00 5.5956940e-01
7.3995100e-02 0.0000000e+00
7.9541250e-01 1.0000000e+00
1.0000000e+00 5.1986490e-01
1.0000000e+00 9.2080000e-01
1.0000000e+00 1.0585420e-01
7.9408910e-01 1.0000000e+00
4.2391280e-01 1.0000000e+00
9.0718920e-01 1.0000000e+00
3.4756100e-01 0.0000000e+00
0.0000000e+00 2.3002780e-01
8.8572730e-01 1.0000000e+00
0.0000000e+00 1.3829150e-01
5.6752370e-01 1.0000000e+00
1.0000000e+00 7.8846190e-01
2.1067250e-01 1.0000000e+00
3.1211520e-01 1.0000000e+00
4.2132780e-01 1.0000000e+00
2.8870170e-01 1.0000000e+00
5.3983930e-01 0.0000000e+00
1.0000000e+00 3.5534360e-01
2.3514570e-01 0.0000000e+00
1.0000000e+00 8.8250570e-01
1.0000000e+00 6.8551560e-01
9.2669910e-01 0.0000000e+00
4.1826400e-01 0.0000000e+00
7.2006400e-02 1.0000000e+00
2.7828000e-03 1.0000000e+00
9.3530940e-01 0.0000000e+00
5.5848500e-02 1.0000000e+00
1.0000000e+00 2.0698100e-01
1.0000000e+00 1.9627160e-01
5.8562430e-01 0.0000000e+00
0.0000000e+00 4.1194120e-01
1.7125040e-01 0.0000000e+00
1.5560710e-01 0.0000000e+00
2.7265700e-01 1.0000000e+00
4.7463160e-01 0.0000000e+00
0.0000000e+00 8.1895850e-01
0.0000000e+00 8.2672390e-01
0.0000000e+00 6.8767540e-01
2.8597470e-01 1.0000000e+00
0.0000000e+00 5.5222230e-01
6.4779190e-01 0.0000000e+00
5.5583470e-01 1.0000000e+00
3.2371410e-01 1.0000000e+00
3.9456510e-01 1.0000000e+00
0.0000000e+00 4.1320320e-01
0.0000000e+00 9.5477280e-01
1.0000000e+00 6.4767280e-01
1.2721520e-01 1.0000000e+00
0.0000000e+00 3.9852740e-01
0.0000000e+00 9.8851400e-02
9.2570000e-01 1.0000000e+00
1.0000000e+00 3.7149470e-01
1.0000000e+00 5.8478530e-01
1.0000000e+00 7.6165980e-01
2.5684170e-01 1.0000000e+00
1.0000000e+00 9.1446390e-01
0.0000000e+00 1.4083590e-01
7.3072500e-02 0.0000000e+00
1.0000000e+00 3.3428300e-02
3.6221610e-01 0.0000000e+00
4.8825300e-01 0.0000000e+00
8.5293650e-01 1.0000000e+00
1.0000000e+00 9.2590510e-01
6.6856890e-01 0.0000000e+00
4.8432380e-01 1.0000000e+00
9.3868090e-01 1.0000000e+00
3.7308150e-01 0.0000000e+00
7.0417820e-01 0.0000000e+00
1.0000000e+00 9.1017080e-01
5.7166400e-01 1.0000000e+00
0.0000000e+00 3.0047610e-01
1.0000000e+00 9.3675700e-01
2.6925360e-01 1.0000000e+00
2.4631450e-01 0.0000000e+00
1.0000000e+00 1.8077340e-01
6.1957340e-01 0.0000000e+00
0.0000000e+00 4.4193540e-01
6.5150920e-01 0.0000000e+00
6.0174960e-01 0.0000000e+00
0.0000000e+00 3.4584270e-01
4.4479360e-01 1.0000000e+00
3.5481910e-01 1.0000000e+00
1.0000000e+00 2.8871420e-01
1.4341340e-01 0.0000000e+00
6.4397970e-01 0.0000000e+00
8.5357710e-01 0.0000000e+00
8.2431240e-01 1.0000000e+00
5.5227630e-01 0.0000000e+00
0.0000000e+00 7.7291920e-01
6.8513220e-01 0.0000000e+00
1.0000000e+00 6.6468780e-01
6.1077860e-01 0.0000000e+00
4.1616690e-01 0.0000000e+00
0.0000000e+00 5.7974400e-01
7.5750080e-01 0.0000000e+00
0.0000000e+00 1.9964470e-01
1.0000000e+00 2.5006540e-01
4.2608040e-01 1.0000000e+00
3.0628370e-01 1.0000000e+00
0.0000000e+00 7.2698910e-01
1.2777850e-01 1.0000000e+00
1.3547550e-01 0.0000000e+00
0.0000000e+00 7.5668680e-01
0.0000000e+00 2.4191940e-01
0.0000000e+00 3.7082400e-02
8.3338530e-01 1.0000000e+00
1.0000000e+00 7.9039800e-02
0.0000000e+00 1.1119440e-01
1.3878330e-01 1.0000000e+00
0.0000000e+00 9.2515910e-01
1.0000000e+00 7.5132180e-01
8.2471750e-01 0.0000000e+00
1.0000000e+00 3.0366500e-02
0.0000000e+00 5.2772350e-01
1.0000000e+00 7.4666360e-01
1.5531500e-01 1.0000000e+00
1.0000000e+00 2.3075420e-01
6.8241720e-01 1.0000000e+00
4.4158730e-01 0.0000000e+00
0.0000000e+00 8.3173100e-01
0.0000000e+00 8.8074890e-01
9.6277340e-01 0.0000000e+00
3.9959990e-01 1.0000000e+00
7.6225200e-02 0.0000000e+00
1.0000000e+00 1.9078620e-01
1.0000000e+00 6.3050350e-01
1.0000000e+00 9.5284830e-01
8.0579450e-01 0.0000000e+00
1.0000000e+00 6.5718560e-01
7.6627500e-02 0.0000000e+00
9.4242850e-01 1.0000000e+00
1.0000000e+00 9.7194860e-01
0.0000000e+00 7.2847280e-01
1.0000000e+00 2.2239880e-01
0.0000000e+00 8.9454900e-01
6.2226530e-01 0.0000000e+00
1.0000000e+00 5.5636190e-01
0.0000000e+00 4.0934990e-01
1.0000000e+00 5.5804900e-01
0.0000000e+00 9.6415730e-01
2.4985790e-01 1.0000000e+00
6.3866400e-02 0.0000000e+00
1.0000000e+00 6.0226440e-01
1.0000000e+00 5.9126520e-01
1.0000000e+00 7.2864520e-01
1.0000000e+00 3.6591090e-01
1.0000000e+00 1.1914940e-01
1.0000000e+00 4.9413500e-02
0.0000000e+00 9.1343420e-01
1.4772050e-01 1.0000000e+00
0.0000000e+00 1.6291230e-01
6.1589760e-01 0.0000000e+00
0.0000000e+00 9.7260840e-01
3.8183880e-01 1.0000000e+00
8.6093850e-01 1.0000000e+00
0.0000000e+00 1.9319910e-01
9.6847690e-01 1.0000000e+00
0.0000000e+00 1.0000000e+00
0.0000000e+00 3.3896770e-01
7.0784950e-01 1.0000000e+00
0.0000000e+00 2.1798640e-01
1.0000000e+00 8.7064800e-01
0.0000000e+00 7.5678330e-01
8.0494090e-01 0.0000000e+00
0.0000000e+00 4.0043320e-01
1.2587930e-01 0.0000000e+00
1.0000000e+00 1.0000000e+00
1.8565990e-01 1.0000000e+00
0.0000000e+00 3.6058420e-01
1.0000000e+00 2.4390120e-01
9.9596330e-01 0.0000000e+00
1.0000000e+00 1.3897940e-01
4.2443930e-01 0.0000000e+00
1.0000000e+00 2.9039590e-01
