0.0000000e+00 7.2322680e-01
2.5502260e-01 1.0000000e+00
1.0000000e+00 3.8766830e-01
0.0000000e+00 3.2070570e-01
7.3386180e-01 1.0000000e+00
4.6048020e-01 1.0000000e+00
1.0000000e+00 7.4299610e-01
0.0000000e+00 8.2601100e-02
9.8413920e-01 1.0000000e+00
4.5734380e-01 0.0000000e+00
0.0000000e+00 4.7919000e-01
0.0000000e+00 8.3170850e-01
5.8654390e-01 0.0000000e+00
1.0000000e+00 2.7038600e-01
3.0311350e-01 0.0000000e+00
4.2500040e-01 0.0000000e+00
5.7759370e-01 1.0000000e+00
0.0000000e+00 9.7434430e-01
0.0000000e+00 9.7256420e-01
1.0000000e+00 2.4428910e-01
9.1384010e-01 1.0000000e+00
0.0000000e+00 2.5515590e-01
1.0000000e+00 6.1276850e-01
3.8904750e-01 0.0000000e+00
8.0835580e-01 0.0000000e+00
0.0000000e+00 7.9317440e-01
1.3263340e-01 0.0000000e+00
1.0000000e+00 9.3117650e-01
0.0000000e+00 0.0000000e+00
1.0000000e+00 6.1809920e-01
1.9185890e-01 0.0000000e+00
1.0000000e+00 4.1685540e-01
1.0000000e+00 7.5427620e-01
7.0312670e-01 1.0000000e+00
5.4367290e-01 1.0000000e+00
0.0000000e+00 2.6005500e-02
7.0385100e-01 1.0000000e+00
1.0000000e+00 8.4196820e-01
1.0000000e+00 2.2216450e-01
1.0000000e+00 5.4801020e-01
2.7103820e-01 1.0000000e+00
1.0000000e+00 3.1007210e-01
0.0000000e+00 7.2188080e-01
1.0000000e+00 8.1357570e-01
2.4368730e-01 0.0000000e+00
5.5683010e-01 1.0000000e+00
6.0669400e-02 0.0000000e+00
1.0000000e+00 4.1425210e-01
9.4574550e-01 0.0000000e+00
1.0000000e+00 1.7766540e-01
0.0000000e+00 8.8553180e-01
3.9791340e-01 0.0000000e+00
4.8541310e-01 1.0000000e+00
9.6888030e-01 0.0000000e+00
0.0000000e+00 7.4848050e-01
1.0000000e+00 4.6634990e-01
0.0000000e+00 6.7061700e-01
5.6386670e-01 0.0000000e+00
1.0000000e+00 1.1086420e-01
0.0000000e+00 4.7507920e-01
1.0000000e+00 5.1454500e-02
1.0000000e+00 5.8684010e-01
5.8338280e-01 1.0000000e+00
2.9558550e-01 1.0000000e+00
1.3553810e-01 1.0000000e+00
8.8864740e-01 0.0000000e+00
1.0000000e+00 2.9375170e-01
4.7348640e-01 0.0000000e+00
1.0000000e+00 9.5257350e-01
8.6972180e-01 0.0000000e+00
1.0000000e+00 6.0303400e-01
1.0000000e+00 3.3718000e-02
4.9897500e-01 1.0000000e+00
0.0000000e+00 6.3509020e-01
1.0000000e+00 7.6376530e-01
1.0000000e+00 5.5701000e-01
0.0000000e+00 5.3323090e-01
1.0000000e+00 7.2471500e-01
1.0000000e+00 0.0000000e+00
8.2462780e-01 1.0000000e+00
6.1375000e-02 1.0000000e+00
6.3985160e-01 0.0000000e+00
2.0351410e-01 1.0000000e+00
1.0000000e+00 5.4404550e-01
0.0000000e+00 4.1130170e-01
1.0000000e+00 4.2824580e-01
7.6605120e-01 0.0000000e+00
0.0000000e+00 3.1377010e-01
7.7599610e-01 1.0000000e+00
2.3232380e-01 1.0000000e+00
2.9909890e-01 1.0000000e+00
1.0000000e+00 1.9506250e-01
0.0000000e+00 6.7600510e-01
1.0000000e+00 6.0288760e-01
7.1524220e-01 1.0000000e+00
2.1768870e-01 0.0000000e+00
2.9461270e-01 1.0000000e+00
1.0000000e+00 9.4505160e-01
4.1573080e-01 0.0000000e+00
1.0000000e+00 3.7170310e-01
1.6949740e-01 0.0000000e+00
3.0326180e-01 1.0000000e+00
5.3916520e-01 1.0000000e+00
8.0797710e-01 1.0000000e+00
6.9542090e-01 0.0000000e+00
0.0000000e+00 4.1295550e-01
2.8683350e-01 1.0000000e+00
0.0000000e+00 2.6807700e-01
0.0000000e+00 7.8323650e-01
3.6387480e-01 0.0000000e+00
0.0000000e+00 1.0000000e+00
4.3180930e-01 1.0000000e+00
9.0858220e-01 1.0000000e+00
1.0000000e+00 5.6369750e-01
0.0000000e+00 6.3902280e-01
5.8683460e-01 0.0000000e+00
7.3384850e-01 1.0000000e+00
9.4779580e-01 0.0000000e+00
0.0000000e+00 3.0754100e-01
1.0000000e+00 5.4669260e-01
1.0000000e+00 1.0000000e+00
3.9859970e-01 1.0000000e+00
5.2672570e-01 1.0000000e+00
0.0000000e+00 3.4956350e-01
1.0000000e+00 3.5652370e-01
5.7437860e-01 1.0000000e+00
4.3504570e-01 1.0000000e+00
0.0000000e+00 5.6513320e-01
