1.0000000e+00 8.2303720e-01
0.0000000e+00 5.3150400e-02
5.3914790e-01 1.0000000e+00
1.0000000e+00 1.4473090e-01
0.0000000e+00 9.2756350e-01
1.0000000e+00 0.0000000e+00
8.3732610e-01 1.0000000e+00
0.0000000e+00 3.5923930e-01
0.0000000e+00 9.6307240e-01
0.0000000e+00 5.0508890e-01
6.1005840e-01 1.0000000e+00
0.0000000e+00 1.7586860e-01
0.0000000e+00 7.3484290e-01
0.0000000e+00 1.0000000e+00
8.6157600e-02 1.0000000e+00
7.0239200e-01 1.0000000e+00
1.3230900e-01 1.0000000e+00
2.9048420e-01 0.0000000e+00
1.0000000e+00 5.4483990e-01
1.0000000e+00 8.9498010e-01
5.0945080e-01 1.0000000e+00
4.0117000e-01 1.0000000e+00
0.0000000e+00 3.0461410e-01
1.0000000e+00 9.8264420e-01
2.3663660e-01 0.0000000e+00
0.0000000e+00 0.0000000e+00
6.8194430e-01 1.0000000e+00
1.0000000e+00 1.0000000e+00
1.0000000e+00 7.0423450e-01
0.0000000e+00 6.7367290e-01
4.3361400e-01 0.0000000e+00
1.0000000e+00 5.4435360e-01
